305 305 305 305 305 305 305 305 305 305 305 305 305 305 305 305 305 305 305 305 305 305 305 305 305 305 305 305 305 305 305 305 305 305 305 305 305 305 305 305 305 305 305 305 305 305 305 305 305 305 305 305 305 305 305 305 305 305 305 305 305 305 305 305 305 305 305 305 305 305 305 305 305 305 305 305 305 305 305 305 305 305 305 305 305 305 305 305 305 305 305 305 305 305 305 305 305 305 305 305 305 305 305 305 305 305 305 305 305 305 305 305 305 305 305 305 305 305 305 305 305 305 305 305 305 305 305 305 305 305 
305 22 36 36 36 36 36 36 36 36 36 37 321 321 321 321 321 321 321 321 321 321 321 321 321 321 321 321 321 321 321 321 321 321 321 321 321 321 321 321 321 321 321 321 321 321 321 321 321 321 321 321 321 321 321 321 321 321 321 321 321 321 321 321 21 22 36 36 36 36 36 36 36 36 36 36 36 36 36 36 22 23 137 109 137 109 137 109 137 109 137 109 137 109 137 109 137 109 137 109 137 109 137 109 137 109 137 109 137 109 137 109 137 290 291 292 137 109 137 290 291 292 137 109 137 109 137 109 21 305 
305 23 12 13 10 11 12 13 10 11 321 321 321 321 321 321 321 321 321 321 321 321 321 321 321 321 321 321 321 321 321 321 321 321 321 321 321 321 321 321 321 321 321 321 321 321 321 321 321 321 321 321 321 321 321 321 321 321 321 321 321 321 321 321 21 23 123 95 123 95 123 95 123 95 123 95 123 95 123 95 21 23 123 95 123 95 123 95 123 95 123 95 123 95 123 95 123 95 123 95 123 95 123 95 123 95 123 95 123 95 123 95 123 290 291 292 123 95 123 290 291 292 123 95 123 95 123 95 21 305 
305 23 40 41 38 39 40 41 38 39 321 321 321 321 321 321 321 321 321 321 321 321 321 321 321 321 321 321 321 321 321 321 321 321 321 321 321 321 321 321 321 321 321 321 321 321 321 321 321 321 321 321 321 321 321 321 321 321 321 321 321 321 321 321 21 23 137 109 137 109 137 109 137 109 137 109 137 109 137 109 21 23 137 109 137 109 137 109 137 109 137 109 137 109 137 109 137 109 137 109 137 109 137 109 137 109 137 109 137 109 137 109 137 290 291 292 137 109 137 290 291 292 137 109 137 109 137 109 21 305 
305 23 24 25 26 27 24 25 26 27 321 321 321 321 321 321 321 321 321 321 321 321 321 321 321 321 321 321 321 321 321 321 321 321 321 321 321 321 321 321 321 321 321 321 321 321 321 321 321 321 321 321 321 321 321 321 321 321 321 321 321 321 321 321 21 23 123 95 123 95 123 95 123 95 123 95 123 95 123 95 21 23 123 95 123 95 123 95 123 95 123 95 123 95 123 95 123 95 123 95 123 95 123 95 123 95 123 95 123 95 123 95 123 290 291 292 123 95 123 290 291 292 123 95 123 95 123 95 21 305 
305 23 38 39 40 41 38 39 40 41 321 321 321 321 321 321 321 321 321 321 321 321 321 321 321 321 321 321 321 321 321 321 321 321 321 321 321 321 321 321 321 321 321 321 321 321 321 321 321 321 321 321 321 321 321 321 321 321 321 321 321 321 321 321 21 23 137 109 137 109 137 109 137 109 137 109 137 109 137 109 21 23 137 109 137 109 137 109 137 109 137 109 137 109 137 109 137 109 137 109 137 109 137 109 137 109 137 109 137 109 137 109 137 290 263 292 137 109 137 290 263 292 137 109 137 109 52 53 21 305 
305 23 26 27 24 25 26 27 24 25 321 321 321 321 321 321 321 321 321 321 92 93 321 321 92 93 321 321 321 321 92 93 321 321 321 321 321 321 321 321 321 321 321 321 321 321 321 321 321 321 321 321 321 321 321 321 321 321 321 321 321 321 321 321 21 23 123 95 123 95 123 95 123 95 123 95 123 95 123 95 21 23 123 95 123 95 123 95 123 95 123 95 123 95 123 95 123 95 123 95 123 95 123 95 123 95 123 290 291 292 123 95 123 276 277 278 162 163 163 276 277 278 123 95 123 95 66 67 21 305 
305 23 40 41 38 39 40 41 38 39 321 321 321 321 321 321 321 321 321 321 321 321 321 321 321 321 321 321 321 321 321 321 321 321 321 321 51 321 321 321 321 321 321 321 321 321 321 321 321 321 321 321 321 321 321 321 321 321 321 321 321 321 321 321 21 23 137 109 137 109 137 109 137 109 137 109 137 109 137 109 21 23 137 109 137 109 137 109 137 109 137 109 137 109 137 109 137 109 137 109 137 109 137 109 137 109 137 160 305 161 137 109 137 290 291 292 176 177 177 290 291 292 137 109 137 109 54 55 21 305 
305 23 24 25 7 63 63 9 26 27 321 321 321 92 93 321 321 321 321 321 321 321 321 321 321 321 321 321 321 321 321 321 321 321 321 321 321 321 321 321 321 321 321 321 321 321 321 321 321 321 321 321 321 321 321 321 321 321 321 321 321 321 321 321 21 23 123 95 123 95 123 95 123 95 123 95 123 95 123 95 35 37 123 95 123 95 123 95 123 95 123 95 123 95 123 95 123 95 123 95 123 95 123 95 123 95 123 290 291 292 162 163 163 290 291 292 176 177 177 290 291 292 162 163 163 163 68 69 21 305 
305 23 38 39 21 22 22 23 40 41 321 321 321 321 321 321 321 321 321 321 321 321 321 321 321 321 321 321 321 321 321 321 321 321 321 321 321 321 321 321 321 321 321 321 321 321 321 321 321 321 321 321 321 321 321 321 321 321 321 321 321 321 321 321 21 23 137 109 119 120 120 121 137 109 137 109 137 109 137 109 137 109 137 109 137 109 137 109 137 109 137 109 137 165 137 109 193 109 137 165 137 109 193 109 137 109 137 290 291 292 176 177 177 290 291 292 176 177 177 290 291 292 176 177 49 82 82 82 22 305 
305 62 63 63 64 22 22 62 63 63 63 9 321 321 321 321 321 321 321 321 321 321 321 321 321 321 321 321 321 321 321 321 321 321 321 321 321 321 321 51 321 321 321 321 49 50 321 321 321 51 321 321 321 51 321 321 321 51 321 321 321 321 321 321 21 23 123 95 81 82 82 83 123 95 123 95 123 95 123 95 123 95 123 95 123 151 179 95 123 151 179 95 123 65 123 95 65 95 123 65 123 95 65 95 123 95 123 290 291 292 176 177 177 290 291 292 176 177 177 290 291 292 176 177 305 305 126 128 21 305 
305 22 36 36 36 36 36 36 36 36 36 37 321 321 321 321 321 321 321 321 321 321 321 321 321 321 321 321 321 321 321 321 321 321 321 321 321 321 321 321 321 321 321 321 321 321 321 321 321 321 321 321 321 321 321 321 321 321 321 321 321 321 321 321 21 23 137 109 21 22 22 23 137 109 119 120 120 120 120 120 120 120 121 109 137 54 55 109 137 52 53 109 137 206 137 109 234 109 137 206 137 109 234 109 137 119 120 120 120 120 120 120 120 120 120 120 120 120 120 120 120 120 120 120 120 120 121 127 21 305 
305 23 321 321 321 321 321 321 321 321 321 321 321 321 321 321 321 321 321 321 321 321 321 321 321 321 321 321 321 321 321 321 321 321 321 321 321 321 321 321 321 321 321 321 321 321 321 321 321 321 321 321 321 321 321 321 321 321 321 321 49 50 321 321 21 23 248 220 21 22 22 23 248 220 81 82 82 82 82 82 82 82 83 220 248 68 69 220 248 66 67 220 248 220 248 220 248 220 248 220 248 220 248 220 248 81 82 82 82 82 82 82 82 82 82 82 82 82 82 82 82 82 82 82 82 82 83 127 21 305 
305 23 321 321 321 321 321 321 321 321 321 321 321 321 321 321 321 321 321 321 321 321 321 321 321 321 321 321 321 321 321 321 321 321 321 321 321 321 321 321 321 321 321 321 321 321 321 321 321 321 321 321 321 321 321 321 321 321 321 321 321 321 321 321 21 305 305 305 305 305 305 305 305 305 305 305 305 305 305 305 305 305 305 305 305 305 305 305 305 305 305 305 305 305 305 305 305 305 305 305 305 305 305 305 305 305 305 305 305 305 305 305 305 312 99 99 99 99 99 99 99 99 99 99 99 311 86 127 84 305 
305 23 321 321 321 321 321 321 321 321 321 321 321 321 321 321 321 321 321 321 321 321 321 321 321 321 321 321 321 321 321 321 321 321 321 321 321 321 321 321 321 321 321 321 321 321 321 321 321 321 321 321 321 321 321 321 321 321 321 321 321 321 321 321 21 305 305 305 305 305 305 305 305 305 305 305 305 305 305 305 305 305 305 305 305 305 305 305 305 305 305 305 305 305 305 305 305 305 305 305 305 305 305 305 305 305 305 305 305 305 305 305 305 86 305 305 305 305 305 305 305 173 305 305 305 84 86 127 84 305 
305 23 321 321 321 321 321 321 321 321 321 321 321 321 321 26 27 24 25 26 27 321 321 26 27 24 25 26 27 321 321 321 321 321 321 321 321 321 321 321 321 321 321 321 321 321 321 321 321 321 321 321 321 321 321 321 321 321 321 321 321 321 321 321 21 305 305 305 305 305 305 305 305 305 305 305 305 305 305 305 305 305 305 305 305 305 305 305 305 305 305 305 305 305 305 305 305 305 305 305 305 305 305 305 305 305 305 305 305 305 305 305 305 86 305 305 305 305 305 305 305 187 305 305 305 84 86 127 84 305 
305 23 321 321 321 321 321 321 321 321 321 321 321 321 321 40 41 38 39 40 41 321 321 40 41 38 39 40 41 321 321 321 321 321 321 321 321 321 321 321 321 321 321 321 321 321 321 321 321 321 321 321 321 321 321 321 321 321 321 321 321 321 321 49 22 305 305 305 305 305 305 305 305 305 305 305 305 305 305 305 305 305 305 305 305 305 305 305 305 305 305 305 305 305 305 305 305 305 305 305 305 305 305 305 305 305 305 305 305 305 305 305 305 86 305 168 169 305 305 87 105 105 91 305 305 98 100 127 84 305 
305 23 321 321 321 321 321 321 321 321 321 321 321 321 321 24 25 26 27 24 25 321 321 24 25 26 27 24 25 321 321 321 321 321 321 321 321 321 321 321 321 321 321 321 321 321 0 5 6 321 321 321 321 321 321 321 321 321 25 26 27 24 25 12 21 305 305 305 305 305 305 305 305 305 305 305 305 305 305 305 305 305 305 305 305 305 305 305 305 305 305 305 305 305 305 305 305 305 305 305 305 305 305 305 305 305 305 305 305 305 305 305 305 86 315 182 183 305 87 88 85 85 90 91 305 305 305 305 84 305 
305 23 321 321 321 321 321 321 321 321 321 321 321 321 321 38 39 51 141 141 51 321 321 51 155 155 51 38 39 321 321 321 321 321 321 321 321 321 0 1 2 3 4 28 19 18 20 19 20 19 20 19 20 31 20 16 17 20 39 40 41 38 39 40 21 305 305 305 305 305 305 305 305 305 305 305 305 305 305 305 305 305 305 305 305 305 305 305 305 305 305 305 305 305 305 305 305 305 305 305 305 305 305 305 305 305 305 305 305 305 305 305 305 86 169 315 305 305 314 99 99 99 311 90 105 105 105 105 106 305 
305 23 321 321 321 5 6 321 321 321 321 321 321 321 321 26 27 10 11 12 13 4 321 12 13 10 11 26 27 0 28 14 15 20 19 31 18 20 19 20 19 31 42 43 43 43 43 43 43 43 43 29 30 44 32 33 7 9 27 24 25 26 27 24 21 305 305 305 305 305 305 305 305 305 305 305 305 305 305 305 305 305 305 305 305 305 305 305 305 305 305 305 305 305 305 305 305 305 305 305 305 305 305 305 305 305 305 305 305 305 305 305 305 86 183 305 305 305 173 174 174 174 98 99 99 99 99 99 311 305 
305 23 19 20 19 20 19 20 31 20 19 16 17 18 19 40 41 38 39 40 41 20 18 40 41 38 39 51 41 42 43 43 43 29 30 44 32 43 43 29 30 44 32 33 34 43 43 43 29 47 48 44 44 44 44 48 21 23 41 38 7 63 63 63 64 305 305 305 305 305 305 305 305 305 305 305 305 305 305 305 305 305 305 305 305 305 305 305 305 305 305 305 305 305 305 305 305 305 305 305 305 305 305 305 305 305 305 305 305 305 305 305 305 104 105 105 72 305 187 203 203 203 174 175 305 305 305 305 84 305
305 23 43 43 33 34 29 30 44 32 43 43 43 43 43 24 25 26 27 7 63 63 63 63 9 26 27 10 25 43 43 29 48 44 44 44 44 48 47 44 44 44 44 48 48 46 48 47 44 44 44 44 44 318 58 63 64 23 25 26 35 36 36 36 22 305 305 305 305 305 305 305 305 305 305 305 305 305 305 305 305 305 305 305 305 305 305 305 305 305 305 305 305 305 305 305 305 305 305 305 305 305 305 305 305 305 305 305 305 305 305 305 305 85 85 85 86 305 102 203 203 203 203 204 305 305 305 305 84 305
305 23 48 46 48 46 44 44 44 44 48 47 48 48 7 9 39 40 41 21 22 22 22 22 23 40 41 38 39 47 46 318 58 63 63 61 320 44 44 318 58 63 63 61 320 44 44 44 44 44 44 318 57 317 22 22 22 23 39 40 305 305 126 128 21 305 305 305 305 305 305 305 305 305 305 305 305 305 305 305 305 305 305 305 305 305 305 305 305 305 305 305 305 305 305 305 305 305 305 305 305 305 305 305 305 305 305 305 305 305 305 305 305 312 99 99 100 305 173 203 203 203 203 204 305 305 305 305 84 305
305 62 63 63 63 63 63 63 63 63 63 63 63 63 64 62 63 63 63 64 22 22 22 22 62 9 155 155 155 155 7 317 22 22 22 22 316 63 63 317 22 22 22 22 316 9 155 155 155 155 7 317 22 22 22 22 22 62 63 63 63 63 9 127 21 305 305 305 305 305 305 305 305 305 305 305 305 305 305 305 305 305 305 305 305 305 305 305 305 305 305 305 305 305 305 305 305 305 305 305 305 305 305 305 305 305 305 305 305 305 305 305 305 86 129 126 305 305 187 203 102 203 203 102 305 305 103 135 84 305
305 22 22 22 22 22 22 22 22 22 22 22 22 22 22 22 22 22 22 22 22 22 22 22 22 22 82 82 82 82 22 22 22 22 22 22 22 22 22 22 22 22 22 22 22 22 82 82 82 82 22 22 22 22 22 22 22 22 22 22 22 22 23 127 21 305 305 305 305 305 305 305 305 305 305 305 305 305 305 305 305 305 305 305 305 305 305 305 305 305 305 305 305 305 305 305 305 305 305 305 305 305 305 305 305 305 305 305 305 305 305 305 305 86 127 70 71 72 187 203 174 203 203 175 305 305 313 149 84 305
305 305 305 305 305 305 305 305 305 305 305 305 305 305 305 305 305 305 305 305 305 305 305 305 305 305 305 305 305 305 305 305 305 85 85 85 85 85 85 85 85 85 85 85 85 85 85 85 85 85 85 85 85 85 85 85 85 85 85 85 85 85 86 127 84 305 305 305 305 305 305 305 305 305 305 305 305 305 305 305 305 305 305 305 305 305 305 305 305 305 305 305 305 305 305 305 305 305 305 305 305 305 305 305 305 305 305 305 305 305 305 305 305 86 127 84 85 86 187 203 203 203 203 204 305 305 84 85 85 305 
305 305 305 305 305 305 305 305 305 305 305 305 305 305 305 305 305 305 305 305 305 305 305 305 305 305 305 305 305 305 305 305 305 85 312 99 99 99 99 99 311 85 312 99 99 99 99 99 99 311 312 99 99 99 99 99 99 99 99 99 99 311 86 127 84 305 305 305 305 305 305 305 305 305 305 305 305 305 305 305 305 305 305 305 305 305 305 305 305 305 305 305 305 305 305 305 305 305 305 305 305 305 305 305 305 305 305 305 305 305 305 305 305 86 127 98 99 100 187 203 203 203 203 204 305 305 98 311 85 305 
305 305 305 305 305 305 305 305 305 305 305 305 305 305 305 305 305 305 305 305 305 305 305 305 305 305 305 305 305 305 305 305 305 85 86 174 174 175 305 305 84 85 86 174 174 174 174 174 173 84 86 174 174 174 174 174 174 173 174 175 305 98 100 305 84 305 305 305 305 305 305 305 305 305 305 305 305 305 305 305 305 305 305 305 305 305 305 305 305 305 305 305 305 305 305 305 305 305 305 305 305 305 305 305 305 305 305 305 305 305 305 305 305 86 305 305 305 310 187 190 217 217 217 218 305 305 305 84 85 305 
305 305 305 305 305 305 305 305 305 305 305 305 305 305 305 305 305 305 305 305 305 305 305 305 305 305 305 305 305 305 305 305 305 85 86 203 203 204 168 169 98 99 100 203 203 203 203 203 187 84 86 217 188 203 190 217 217 187 217 218 305 305 305 305 84 305 305 305 305 305 305 305 305 305 305 305 305 305 305 305 305 305 305 305 305 305 305 305 305 305 305 305 305 305 305 305 305 305 305 305 305 305 305 305 305 305 305 305 305 305 305 305 305 86 305 168 169 216 187 218 305 305 305 305 305 305 305 84 85 305 
305 305 305 305 305 305 305 305 305 305 305 305 305 305 305 305 305 305 305 305 305 305 305 305 305 305 305 305 305 305 305 305 305 85 86 203 102 204 182 183 305 310 174 190 217 217 188 203 187 98 100 305 202 203 204 305 305 187 305 305 305 305 305 305 84 305 305 305 305 305 305 305 305 305 305 305 305 305 305 305 305 305 305 305 305 305 305 305 305 305 305 305 305 305 305 305 305 305 305 305 305 305 305 305 305 305 305 305 305 305 305 305 305 104 105 72 183 309 187 305 305 305 305 305 305 305 168 84 85 305 
305 305 305 305 305 305 305 305 305 305 305 305 305 305 305 305 305 305 305 305 305 305 305 305 305 305 305 305 305 305 305 305 305 85 86 203 174 204 305 238 172 202 203 204 305 305 202 203 187 175 305 305 216 217 218 305 172 187 305 305 87 105 105 105 106 305 305 305 305 305 305 305 305 305 305 305 305 305 305 305 305 305 305 305 305 305 305 305 305 305 305 305 305 305 305 305 305 305 305 305 305 305 305 305 305 305 305 305 305 305 305 305 305 312 99 100 309 305 187 305 305 305 305 305 305 87 105 106 85 305 
305 305 305 305 305 305 305 305 305 305 305 305 305 305 305 305 305 305 305 305 305 305 305 305 305 305 305 305 305 305 305 305 305 85 86 217 217 218 305 305 305 216 217 218 305 305 202 203 187 204 305 172 308 305 305 307 224 187 305 87 88 85 85 85 85 305 305 305 305 305 305 305 305 305 305 305 305 305 305 305 305 305 305 305 305 305 305 305 305 305 305 305 305 305 305 305 305 305 305 305 305 305 305 305 305 305 305 305 305 305 305 305 305 86 305 305 305 309 187 169 305 305 305 305 87 88 85 85 85 305 
305 305 305 305 305 305 305 305 305 305 305 305 305 305 305 305 305 305 305 305 305 305 305 305 305 305 305 305 305 305 305 305 305 85 86 305 70 105 78 303 305 305 305 305 305 305 216 217 187 218 305 238 168 169 307 224 305 187 87 88 85 85 85 85 85 305 305 305 305 305 305 305 305 305 305 305 305 305 305 305 305 305 305 305 305 305 305 305 305 305 305 305 305 305 305 305 305 305 305 305 305 305 305 305 305 305 305 305 305 305 305 305 305 86 305 305 305 112 114 183 305 305 305 87 88 85 85 85 85 305 
305 305 305 305 305 305 305 305 305 305 305 305 305 305 305 305 305 305 305 305 305 305 305 305 305 305 305 305 305 305 305 305 305 85 86 305 84 85 85 302 77 303 305 305 305 305 305 305 187 305 87 105 72 183 224 70 105 105 89 85 85 85 85 85 85 305 305 305 305 305 305 305 305 305 305 305 305 305 305 305 305 305 305 305 305 305 305 305 305 305 305 305 305 305 305 305 305 305 305 305 305 305 305 305 305 305 305 305 305 305 305 305 305 86 305 305 305 307 173 305 305 305 305 314 99 99 99 99 311 305 
305 305 305 305 305 305 305 305 305 305 305 305 305 305 305 305 305 305 305 305 305 305 305 305 305 305 305 305 305 305 305 305 305 85 86 127 84 85 85 85 85 302 77 303 305 305 305 305 187 87 88 85 86 305 305 84 85 85 85 85 85 85 85 85 85 305 305 305 305 305 305 305 305 305 305 305 305 305 305 305 305 305 305 305 305 305 305 305 305 305 305 305 305 305 305 305 305 305 305 305 305 305 305 305 305 305 305 305 305 305 305 305 305 86 305 305 172 224 187 305 305 305 305 305 305 305 126 128 84 305 
305 305 305 305 305 305 305 305 305 305 305 305 305 305 305 305 305 305 305 305 305 305 305 305 305 305 305 305 305 305 305 305 305 85 86 127 84 85 85 85 85 85 85 302 105 72 135 70 105 89 85 85 86 135 135 84 85 85 85 85 85 85 85 85 85 305 305 305 305 305 305 305 305 305 305 305 305 305 305 305 305 305 305 305 305 305 305 305 305 305 305 305 305 305 305 305 305 305 305 305 305 305 305 305 305 305 305 305 305 305 305 305 305 86 135 135 135 112 113 113 114 135 70 105 105 105 72 127 84 305 
305 305 305 305 305 305 305 305 305 305 305 305 305 305 305 305 305 305 305 305 305 305 305 305 305 305 305 305 305 305 305 305 305 85 86 127 84 85 85 85 85 85 85 85 85 86 149 84 85 85 85 85 86 149 149 84 85 85 85 85 85 85 85 85 85 305 305 305 305 305 305 305 305 305 305 305 305 305 305 305 305 305 305 305 305 305 305 305 305 305 305 305 305 305 305 305 305 305 305 305 305 305 305 305 305 305 305 305 305 305 305 305 305 86 149 149 149 284 284 284 284 149 84 85 85 85 86 127 84 305 
305 305 305 305 305 305 305 305 305 305 305 305 305 305 305 305 305 305 305 305 305 305 305 305 305 305 305 305 305 305 305 305 305 85 86 127 84 85 85 85 85 85 85 85 85 85 85 85 85 85 85 85 85 85 85 85 85 85 85 85 85 85 85 85 85 85 85 85 85 85 85 85 85 85 85 85 85 85 85 85 85 86 301 301 301 301 301 301 301 301 301 301 301 301 301 301 301 301 301 301 301 301 301 301 301 301 301 301 301 301 301 301 84 85 85 312 99 99 99 99 99 99 99 99 99 311 86 127 84 305 
305 305 305 305 305 305 305 305 305 305 305 305 305 305 305 305 305 305 305 305 305 305 305 305 305 305 305 305 305 305 305 305 305 85 86 127 84 312 99 99 99 311 312 99 99 99 99 99 99 99 99 99 99 99 99 99 99 99 99 99 99 99 99 99 99 99 99 311 85 312 99 99 99 99 99 99 99 311 85 85 85 86 301 301 301 301 301 301 301 301 301 301 301 301 301 301 301 301 301 301 301 301 301 301 301 301 301 301 301 301 301 301 84 85 85 86 174 174 174 174 174 174 174 174 174 84 86 127 84 305
305 305 305 305 305 305 305 305 305 305 305 305 305 305 305 305 305 305 305 305 305 305 305 305 305 305 305 305 305 305 305 305 305 85 86 127 84 86 174 174 174 84 86 174 174 174 174 174 173 174 174 174 173 174 174 174 174 174 174 174 174 174 173 174 174 174 174 84 85 86 305 310 174 174 173 174 174 84 85 85 85 86 301 301 301 301 301 301 301 301 301 301 301 301 301 301 301 301 301 301 301 301 301 301 301 301 301 301 301 301 301 301 84 85 85 86 203 203 203 203 203 203 203 203 203 84 86 127 84 305 
305 305 305 305 305 305 305 305 305 305 305 305 305 305 305 305 305 305 305 305 305 305 305 305 305 305 305 305 305 305 305 305 305 85 86 305 84 86 217 217 217 84 86 217 188 203 190 217 187 217 217 188 187 203 203 203 203 203 203 190 217 188 187 203 203 203 203 98 99 100 305 202 203 203 187 203 203 84 85 85 85 86 301 301 301 301 301 301 301 301 301 301 301 301 301 301 301 301 301 301 301 301 301 301 301 301 301 301 301 301 301 301 84 85 85 86 217 217 217 217 217 217 217 217 217 84 86 127 84 305 
305 305 305 305 305 305 305 305 305 305 305 305 305 305 305 305 305 305 305 305 305 305 305 305 305 305 305 305 305 305 305 305 305 312 100 305 98 100 168 169 305 98 100 305 202 203 204 112 113 114 305 216 187 217 217 217 188 203 203 204 305 216 187 217 217 217 188 174 173 175 305 216 217 217 187 217 217 84 85 85 312 100 301 301 301 301 301 301 301 301 301 301 301 301 301 301 301 301 301 301 301 301 301 301 301 301 301 301 301 301 301 301 98 311 85 86 116 117 117 117 117 117 117 117 118 84 86 127 84 305 
305 305 305 305 305 305 305 305 305 305 305 305 305 305 305 305 305 305 305 305 305 305 305 305 305 305 305 305 305 305 305 305 305 86 174 203 175 305 182 183 309 305 305 305 216 217 218 305 173 305 305 305 187 305 305 305 202 203 203 204 305 305 187 305 305 305 216 217 187 218 305 305 305 305 305 305 305 98 99 99 100 232 228 229 229 229 229 228 229 229 229 229 228 229 229 229 229 228 229 229 229 229 228 229 229 229 229 228 229 229 229 229 232 98 99 100 305 305 305 305 305 305 172 308 305 84 86 127 84 305 
305 305 305 305 305 305 305 305 305 305 305 305 305 305 305 305 305 305 305 305 305 305 305 305 305 305 305 305 305 305 305 305 305 86 217 217 218 305 305 309 305 309 305 299 300 305 305 168 187 305 87 105 105 78 303 305 216 217 217 218 305 112 113 114 305 305 305 305 187 305 305 168 169 112 113 114 172 305 305 305 145 246 242 243 244 245 243 242 243 244 245 243 242 243 244 245 243 242 243 244 245 243 242 243 244 245 243 242 243 244 245 243 246 144 305 305 305 305 305 305 305 305 238 168 169 84 86 127 84 305 
305 305 305 305 305 305 305 305 305 305 305 305 305 305 305 305 305 305 305 305 305 305 305 305 305 305 305 305 305 305 305 305 305 104 105 91 305 305 305 305 309 168 169 315 305 305 305 182 187 87 88 85 85 85 302 77 303 305 305 305 305 305 173 305 305 172 305 305 187 305 305 182 183 305 173 307 224 305 305 305 159 260 256 257 258 259 257 256 257 258 259 257 256 257 258 259 257 256 257 258 259 257 256 257 258 259 257 256 257 258 259 257 260 158 305 305 305 305 305 305 305 305 305 182 183 84 86 127 84 305 
305 305 305 305 305 305 305 305 305 305 305 305 305 305 305 305 305 305 305 305 305 305 305 305 305 305 305 305 305 305 305 305 305 85 85 90 91 305 305 305 305 103 183 305 305 305 87 105 105 89 85 85 85 85 85 85 302 77 303 305 305 305 187 169 307 224 305 87 105 91 305 238 308 305 187 224 305 298 74 105 72 274 270 271 271 271 271 270 271 271 271 271 270 271 271 271 271 270 271 271 271 271 270 271 271 271 271 270 271 271 271 271 274 70 105 72 305 305 305 305 305 305 305 305 305 98 100 127 84 305 
305 305 305 305 305 305 305 305 305 305 305 305 305 305 305 305 305 305 305 305 305 305 305 305 305 305 305 305 305 305 305 305 305 85 85 85 90 91 305 305 305 313 305 305 305 87 88 85 85 85 85 85 85 85 85 85 85 85 302 77 303 305 187 183 224 305 87 88 85 90 91 305 238 168 187 298 74 297 85 85 104 72 284 284 284 284 284 284 284 284 284 284 284 284 284 284 284 284 284 284 284 284 284 284 284 284 284 284 284 284 284 284 70 106 85 86 169 305 305 305 305 305 305 305 305 305 126 131 84 305 
305 305 305 305 305 305 305 305 305 305 305 305 305 305 305 305 305 305 305 305 305 305 305 305 305 305 305 305 305 305 305 305 305 85 85 85 85 90 72 135 135 313 135 135 70 89 85 85 85 85 85 85 85 85 85 85 85 85 85 85 302 105 105 105 72 135 314 99 99 99 296 135 70 105 105 297 85 85 85 85 85 86 301 301 301 301 301 301 301 301 301 301 301 301 301 301 301 301 301 301 301 301 301 301 301 301 301 301 301 301 301 301 84 85 85 104 72 135 135 135 135 135 135 135 70 105 105 105 106 305 
305 305 305 305 305 305 305 305 305 305 305 305 305 305 305 305 305 305 305 305 305 305 305 305 305 305 305 305 305 305 305 305 305 85 85 85 85 85 86 149 149 313 149 149 84 85 85 85 85 85 85 85 85 85 85 85 85 85 85 85 85 85 85 85 86 149 284 284 284 284 284 149 84 85 85 85 85 85 85 85 85 86 301 301 301 301 301 301 301 301 301 301 301 301 301 301 301 301 301 301 301 301 301 301 301 301 301 301 301 301 301 301 84 85 85 85 86 149 149 149 149 149 149 149 84 85 85 85 85 305 
305 305 305 305 305 305 305 305 305 305 305 305 305 305 305 305 305 305 305 305 305 305 305 305 305 305 305 305 305 305 305 305 305 305 305 305 305 305 305 305 305 305 305 305 305 305 305 305 305 305 305 305 305 305 305 305 305 305 305 305 305 305 305 305 305 305 305 305 305 305 305 305 305 305 305 305 305 305 305 305 305 305 305 305 305 305 305 305 305 305 305 305 305 305 305 305 305 305 305 305 305 305 305 305 305 305 305 305 305 305 305 305 305 305 305 305 305 305 305 305 305 305 305 305 305 305 305 305 305 305 
