89 aaa aaa aaa aaa aaa aaa aaa aaa aaa aaa aaa aaa aaa 89 aaa aaa aaa aaa aaa aaa aaa aaa aaa aaa aaa aaa aaa aaa aaa aaa aaa aaa aaa aaa aaa aaa aaa aaa aaa aaa aaa aaa aaa aaa aaa aaa aaa aaa aaa aaa aaa aaa aaa aaa aaa aaa aaa aaa aaa aaa aaa aaa aaa aaa aaa aaa aaa aaa aaa aaa aaa aaa aaa aaa aaa aaa aaa aaa aaa aaa aaa aaa aaa aaa aaa aaa aaa aaa aaa aaa aaa aaa aaa aaa aaa aaa aaa aaa aaa aaa aaa aaa aaa aaa aaa aaa aaa aaa aaa aaa aaa aaa aaa aaa aaa aaa aaa aaa aaa aaa aaa aaa aaa aaa aaa aaa aaa aaa aaa aaa aaa aaa aaa aaa aaa aaa aaa aaa aaa aaa aaa aaa 89 
aaa aaa aaa aaa aaa aaa aaa aaa aaa aaa aaa aaa aaa aaa aaa 90 90 90 90 90 90 90 90 90 90 90 90 90 90 90 90 90 90 90 90 90 90 90 111 157 157 157 157 157 157 157 157 157 157 157 157 157 157 157 157 157 157 157 157 157 157 157 157 157 157 157 157 157 157 157 157 157 157 157 157 157 157 157 157 157 157 157 157 157 157 157 157 157 157 157 157 157 157 157 157 157 157 157 157 157 157 157 157 157 157 157 157 157 157 90 90 90 90 90 90 90 90 90 90 90 90 90 90 90 90 90 90 90 90 90 90 90 90 90 90 90 90 90 90 90 90 90 90 aaa 
aaa aaa aaa aaa aaa aaa aaa aaa aaa aaa aaa aaa aaa aaa aaa 69 69 69 69 69 69 69 69 69 66 67 68 69 69 69 66 67 68 69 69 69 69 70 157 157 157 157 157 157 157 157 157 157 157 157 157 157 157 157 157 157 157 157 157 157 157 157 157 157 157 157 157 157 157 157 157 157 157 157 157 157 157 157 157 157 157 157 157 157 157 157 157 157 157 157 157 157 157 157 157 157 157 157 157 157 157 157 157 157 157 157 157 157 157 157 65 66 67 69 69 69 69 69 69 69 69 69 69 69 69 69 69 69 69 69 69 69 69 69 69 69 69 69 69 69 69 69 69 aaa 
aaa aaa aaa aaa aaa aaa aaa aaa aaa aaa aaa aaa aaa aaa aaa 157 157 157 157 157 157 157 157 157 87 88 157 157 157 157 87 88 157 157 157 157 157 157 157 157 157 157 157 157 157 157 157 157 157 157 157 157 157 157 157 157 157 157 157 157 157 157 157 157 157 157 157 157 157 157 157 157 157 157 157 157 157 157 157 157 157 157 157 157 157 157 157 157 157 157 157 157 157 157 157 157 157 157 157 157 157 157 157 157 157 157 157 157 157 157 157 87 88 89 89 89 89 89 89 89 89 89 89 89 89 89 89 109 110 109 110 109 110 109 110 109 110 109 110 109 110 109 110 aaa 
aaa aaa aaa aaa aaa aaa aaa aaa aaa aaa aaa aaa aaa aaa aaa 157 157 157 157 157 157 157 157 157 87 88 157 157 157 157 87 88 157 157 157 157 157 157 157 157 157 157 157 157 157 157 157 157 157 157 157 157 157 157 157 157 157 157 157 157 157 157 157 157 157 157 157 157 157 157 157 157 157 157 157 157 157 157 157 157 157 157 157 157 157 157 157 157 157 157 157 157 157 157 157 157 157 157 157 157 157 157 157 157 157 157 157 157 157 157 157 87 88 89 89 89 89 89 89 89 89 89 89 89 89 89 89 172 130 131 130 131 130 131 130 131 130 131 130 131 130 131 130 aaa 
aaa aaa aaa aaa aaa aaa aaa aaa aaa aaa aaa aaa aaa aaa aaa 157 157 157 157 157 157 157 157 157 87 88 157 157 157 157 87 88 157 157 157 157 157 157 157 157 157 157 157 157 157 157 157 157 157 157 157 157 157 157 157 157 157 157 157 157 157 157 157 157 157 157 157 157 157 157 157 157 157 157 157 157 157 157 157 157 157 157 157 157 157 157 157 157 157 157 157 157 157 157 157 157 157 157 157 157 157 157 157 157 157 157 157 157 157 157 157 87 88 89 89 89 89 89 89 89 89 89 89 89 89 89 89 89 150 151 150 151 150 130 131 130 131 130 131 130 131 130 131 aaa 
aaa aaa aaa aaa aaa aaa aaa aaa aaa aaa aaa aaa aaa aaa aaa 157 157 157 157 157 157 157 157 157 87 88 157 157 157 157 87 88 157 157 157 157 157 157 157 157 157 157 157 157 157 157 157 157 157 157 157 157 157 157 157 157 157 157 157 157 157 157 157 157 157 157 157 157 157 157 157 157 157 157 157 157 157 157 157 157 157 157 157 157 157 157 157 157 157 157 157 157 157 157 157 157 157 157 157 157 157 157 157 157 157 157 157 157 157 157 157 87 88 89 89 89 89 89 89 89 89 89 89 89 89 89 89 172 171 172 130 131 130 131 130 131 130 131 130 aaa aaa 131 130 aaa 
aaa 89 89 89 aaa aaa aaa aaa aaa aaa aaa 89 89 89 aaa 157 157 157 157 157 157 157 157 157 87 88 157 157 157 157 87 88 157 157 157 157 157 157 157 157 157 157 157 157 157 157 157 157 157 157 157 157 157 157 157 157 157 157 157 157 157 157 157 157 157 157 157 157 157 157 157 157 157 157 157 157 157 157 157 157 157 157 157 157 157 157 157 157 157 198 199 200 157 157 157 157 157 157 157 157 161 181 163 180 157 157 157 157 157 157 157 87 88 89 89 89 192 193 89 89 89 89 192 193 89 89 89 89 192 193 150 130 131 aaa 192 193 150 130 131 aaa aaa 130 131 aaa 
aaa 89 89 89 89 aaa aaa aaa aaa 89 89 89 89 89 aaa 157 157 157 157 157 157 157 157 157 87 88 157 157 157 157 87 88 157 157 157 157 157 157 157 157 157 157 157 157 71 72 71 72 71 72 71 72 71 72 71 72 71 72 71 72 71 72 71 72 71 72 71 72 91 157 157 157 157 157 157 157 157 157 157 157 157 157 157 157 157 157 157 157 aaa 219 220 221 157 157 157 157 157 157 157 161 182 162 184 201 157 157 157 157 157 157 157 87 88 89 89 89 157 157 89 89 89 89 157 157 89 89 89 172 157 157 171 172 130 131 157 157 130 131 130 aaa aaa aaa 130 aaa 
aaa aaa aaa aaa aaa aaa aaa aaa aaa aaa aaa aaa aaa 89 aaa 157 157 157 157 157 157 157 157 157 87 88 157 157 157 157 87 88 157 157 157 157 157 157 157 157 157 157 157 91 55 75 75 75 54 55 75 75 54 55 75 75 54 55 75 75 54 55 75 75 54 55 75 75 75 91 157 157 157 157 157 157 157 157 157 157 157 157 157 157 157 157 157 157 aaa 240 241 242 157 157 157 157 157 180 181 182 183 91 71 72 71 72 157 157 157 157 157 87 88 89 89 89 157 157 89 89 89 89 157 157 89 89 89 151 157 157 150 130 131 129 157 157 150 130 131 aaa aaa aaa 131 aaa 
aaa 89 89 89 89 aaa aaa aaa aaa aaa 89 89 89 89 aaa 157 157 157 157 157 157 157 157 157 87 88 157 157 157 157 87 88 157 157 157 157 157 157 157 157 157 157 91 55 76 114 115 116 118 aaa 115 116 118 aaa 115 116 118 aaa 115 116 118 aaa 115 116 118 aaa 115 116 117 12 91 157 157 157 157 157 157 157 157 157 157 157 157 157 157 157 157 17 93 93 93 96 157 157 157 157 157 201 202 203 91 55 75 54 55 75 91 157 157 157 157 87 88 89 89 89 157 157 89 89 89 89 157 157 89 89 89 89 157 157 171 172 171 172 157 157 130 131 aaa aaa 89 aaa 130 aaa 
aaa aaa aaa aaa aaa aaa aaa aaa aaa aaa aaa aaa aaa aaa aaa 157 157 157 157 71 72 71 72 71 72 71 72 71 72 71 72 71 72 71 72 71 72 71 72 71 72 91 55 76 134 135 136 137 139 135 136 137 139 135 136 137 139 135 136 137 139 135 136 137 139 135 136 137 138 117 12 71 72 157 157 157 140 142 157 157 157 140 142 157 157 157 140 141 141 141 141 141 142 157 157 71 72 71 72 91 55 76 114 119 120 117 12 71 72 71 72 71 72 71 72 71 72 71 72 71 72 71 72 71 72 71 72 71 72 71 72 71 72 71 72 71 72 71 72 71 72 71 72 aaa 
aaa aaa aaa aaa aaa aaa aaa aaa aaa aaa aaa aaa aaa aaa aaa 71 72 71 72 91 55 75 54 55 75 75 54 55 75 75 54 55 75 75 54 55 75 75 54 55 75 75 76 117 155 156 157 158 160 156 157 158 160 156 157 158 160 156 157 158 160 156 157 158 160 156 157 158 159 117 117 12 51 268 268 268 227 228 268 268 268 227 228 268 268 268 227 aaa aaa aaa 324 325 228 268 268 aaa 75 54 55 75 76 134 135 136 137 138 117 12 54 55 75 75 54 55 75 75 54 55 75 75 54 55 75 75 54 55 75 75 54 55 75 75 54 55 75 75 54 55 75 75 54 55 75 aaa 
aaa 157 157 157 157 aaa aaa aaa aaa 157 157 157 157 157 aaa 157 157 157 157 90 90 90 90 90 90 90 90 90 90 90 90 90 90 90 90 90 111 157 157 157 157 157 157 157 157 157 157 157 157 157 157 157 157 157 157 157 157 157 157 157 157 157 157 157 157 157 157 157 157 157 157 157 157 157 157 157 157 157 91 aaa aaa aaa aaa aaa aaa aaa aaa aaa aaa aaa aaa aaa aaa aaa aaa aaa aaa aaa aaa aaa aaa aaa aaa aaa aaa aaa aaa aaa aaa aaa aaa aaa aaa aaa aaa aaa aaa aaa aaa aaa aaa aaa aaa aaa aaa aaa aaa aaa aaa aaa aaa aaa aaa aaa aaa aaa aaa aaa aaa aaa aaa aaa aaa 89 
aaa 157 157 157 aaa aaa aaa aaa aaa aaa 157 157 157 157 aaa 157 157 157 157 157 65 69 69 69 66 67 68 69 69 69 66 67 68 69 69 70 157 157 157 157 157 157 157 157 157 157 157 157 157 157 157 157 157 157 157 157 157 157 157 157 157 157 157 157 157 157 157 157 157 157 157 157 157 157 157 157 157 157 91 aaa 89 89 89 89 89 89 89 89 89 89 89 89 89 89 89 89 89 89 89 89 89 89 89 89 89 89 89 89 89 89 89 89 89 89 89 89 89 89 89 89 89 89 89 89 89 89 89 89 89 89 89 89 89 89 89 89 89 89 89 89 89 89 89 89 
aaa 157 157 157 aaa aaa 157 aaa aaa aaa aaa 157 157 157 aaa 11 10 11 157 157 157 157 157 157 87 88 157 157 157 157 87 88 157 157 157 157 157 157 157 157 157 157 157 157 157 157 157 157 157 157 157 157 157 157 157 157 157 157 157 157 157 157 157 157 10 11 157 157 157 157 157 157 157 157 157 157 157 157 91 aaa 89 89 89 89 89 89 89 89 89 89 89 89 89 89 89 89 89 89 89 89 89 89 89 89 89 89 89 89 89 89 89 89 89 89 89 89 89 89 89 89 89 89 89 89 89 89 89 89 89 89 89 89 89 89 89 89 89 89 89 89 89 89 89 89 
aaa 157 157 aaa aaa aaa aaa aaa aaa aaa aaa aaa aaa 157 aaa 32 52 91 157 157 157 157 157 157 87 88 157 157 157 157 87 88 157 157 157 157 157 157 157 157 157 157 157 157 10 11 157 157 157 157 157 157 157 157 157 157 157 157 157 157 157 157 157 157 31 53 157 157 157 157 157 157 157 157 157 157 157 157 91 aaa 89 89 89 89 89 89 89 89 89 89 89 89 89 89 89 89 89 89 89 89 89 89 89 89 89 89 89 89 89 89 89 89 89 89 89 89 89 89 89 89 89 89 89 89 89 89 89 89 89 89 89 89 89 89 89 89 89 89 89 89 89 89 89 89 
aaa 157 aaa aaa aaa aaa aaa aaa aaa aaa aaa aaa aaa 157 aaa 53 52 30 157 157 157 157 157 157 87 88 157 157 157 157 87 88 157 157 157 157 157 157 157 157 157 157 157 157 31 53 157 157 157 157 157 157 157 157 10 11 157 157 157 157 157 157 157 157 52 32 157 157 157 157 157 157 157 157 157 157 157 157 91 aaa 89 89 89 89 89 89 89 89 89 89 89 89 89 89 89 89 89 89 89 89 89 89 89 89 89 89 89 89 89 89 89 89 89 89 89 89 89 89 89 89 89 89 89 89 89 89 89 89 89 89 89 89 89 89 89 89 89 89 89 89 89 89 89 89 
aaa 157 aaa aaa aaa aaa aaa aaa aaa aaa aaa aaa aaa 157 aaa 53 52 32 10 11 157 157 157 157 87 88 157 157 157 157 87 88 157 157 157 157 157 157 157 157 157 157 157 157 73 53 157 157 157 157 157 157 157 157 73 53 157 157 157 157 157 157 157 157 52 53 157 157 157 157 157 157 157 157 157 157 157 157 91 aaa 89 89 89 89 89 89 89 89 89 89 89 89 89 89 89 89 89 89 89 89 89 89 89 89 89 89 89 89 89 89 89 89 89 89 89 89 89 89 89 89 89 89 89 89 89 89 89 89 89 89 89 89 89 89 89 89 89 89 89 89 89 89 89 89 
aaa 157 aaa aaa aaa aaa aaa aaa aaa aaa aaa aaa aaa 157 aaa 53 52 53 91 13 157 157 157 157 87 88 157 157 157 157 87 88 157 157 157 157 157 157 157 157 157 157 157 157 52 32 157 157 157 157 157 157 157 157 52 53 157 157 157 157 157 157 157 157 52 53 157 157 157 157 157 157 157 157 157 157 157 157 91 aaa 89 89 89 89 89 89 89 89 89 89 89 89 89 89 89 89 89 89 89 89 89 89 89 89 89 89 89 89 89 89 89 89 89 89 89 89 89 89 89 89 89 89 89 89 89 89 89 89 89 89 89 89 89 89 89 89 89 89 89 89 89 89 89 89 
aaa 157 aaa aaa aaa aaa aaa aaa aaa aaa aaa aaa aaa 157 aaa 95 52 74 33 34 157 157 157 157 87 88 157 157 157 157 87 88 157 157 157 157 157 157 157 157 157 157 157 157 52 53 157 157 157 157 157 157 157 157 52 32 157 157 157 157 157 157 157 157 73 74 157 157 157 157 157 157 157 157 157 157 157 157 91 aaa 89 89 89 89 89 89 89 89 89 89 89 89 89 89 89 89 89 89 89 89 89 89 89 89 89 89 89 89 89 89 89 89 89 89 89 89 89 89 89 89 89 89 89 89 89 89 89 89 89 89 89 89 89 89 89 89 89 89 89 89 89 89 89 89 
aaa 157 157 aaa aaa aaa aaa aaa aaa aaa aaa aaa 157 157 aaa 53 94 95 94 95 157 157 157 157 87 92 97 98 157 157 87 88 157 157 157 157 157 157 157 157 157 157 157 157 94 92 93 97 98 157 157 157 157 157 94 95 157 157 157 112 113 157 92 93 94 95 96 97 98 157 157 157 157 157 157 157 157 157 91 aaa 89 89 89 89 89 89 89 89 89 89 89 89 89 89 89 89 89 89 89 89 89 89 89 89 89 89 89 89 89 89 89 89 89 89 89 89 89 89 89 89 89 89 89 89 89 89 89 89 89 89 89 89 89 89 89 89 89 89 89 89 89 89 89 89 
aaa 157 157 157 aaa aaa aaa aaa aaa aaa aaa 157 157 157 aaa 101 101 101 101 101 101 101 101 101 101 101 101 101 101 101 101 101 101 101 102 157 157 157 157 157 157 100 101 101 101 101 101 101 101 101 101 101 101 101 101 101 101 101 101 101 101 101 101 101 101 101 101 101 101 101 101 101 102 157 157 157 157 157 91 aaa 89 89 89 89 89 89 89 89 89 89 89 89 89 89 89 89 89 89 89 89 89 89 89 89 89 89 89 89 89 89 89 89 89 89 89 89 89 89 89 89 89 89 89 89 89 89 89 89 89 89 89 89 89 89 89 89 89 89 89 89 89 89 89 89 
aaa 157 157 157 157 157 aaa aaa aaa 157 157 157 157 157 aaa 122 122 122 122 122 122 122 122 122 122 122 122 122 122 122 122 122 122 122 143 101 102 157 157 100 101 144 122 122 122 122 122 122 122 122 122 122 122 122 122 122 122 122 122 122 122 122 122 122 122 122 122 122 122 122 122 122 143 101 102 157 157 157 91 aaa 89 89 89 89 89 89 89 89 89 89 89 89 89 89 89 89 89 89 89 89 89 89 89 89 89 89 89 89 89 89 89 89 89 89 89 89 89 89 89 89 89 89 89 89 89 89 89 89 89 89 89 89 89 89 89 89 89 89 89 89 89 89 89 89 
aaa aaa aaa aaa aaa aaa aaa aaa aaa aaa aaa aaa aaa aaa aaa 122 122 122 122 122 122 122 122 122 122 122 122 122 122 122 122 122 122 122 122 122 123 268 268 121 122 122 122 122 122 122 122 122 122 122 122 122 122 122 122 122 122 122 122 122 122 122 122 122 122 122 122 122 122 122 122 122 122 122 123 157 157 71 72 aaa aaa aaa aaa aaa aaa aaa aaa aaa aaa aaa aaa aaa aaa aaa aaa aaa aaa aaa aaa aaa aaa aaa aaa aaa aaa aaa aaa aaa aaa aaa aaa aaa aaa aaa aaa aaa aaa aaa aaa aaa aaa aaa aaa aaa aaa aaa aaa aaa aaa aaa aaa aaa aaa aaa aaa aaa aaa aaa aaa aaa aaa aaa aaa 89 
89 89 89 89 89 89 89 89 89 89 89 89 89 89 89 aaa aaa aaa aaa aaa aaa aaa aaa aaa aaa aaa aaa aaa aaa aaa aaa aaa aaa aaa aaa aaa aaa aaa aaa aaa aaa aaa aaa aaa aaa aaa aaa aaa aaa aaa aaa aaa aaa aaa aaa aaa aaa aaa aaa aaa aaa aaa aaa 169 127 190 127 190 127 190 127 190 127 190 191 174 173 126 106 107 173 174 173 174 173 174 173 174 173 174 173 174 173 174 168 107 173 174 173 174 173 174 173 174 173 174 173 174 173 174 168 107 173 174 173 174 173 174 173 174 173 174 173 174 173 174 168 169 127 190 127 190 127 190 127 190 127 190 127 190 127 190 106 aaa 
89 89 89 89 89 89 89 89 89 89 89 89 89 89 89 89 89 89 89 89 89 89 89 89 89 89 89 89 89 89 89 89 89 89 89 89 89 89 89 89 89 89 89 89 89 89 89 89 89 89 89 89 89 89 89 89 89 89 89 89 89 89 aaa 107 152 153 152 153 152 153 152 153 152 153 152 195 194 89 127 128 212 213 210 211 212 213 210 211 212 213 210 211 212 213 189 128 212 213 210 211 212 213 210 211 212 213 210 211 212 213 189 128 212 213 210 211 212 213 210 211 212 213 210 211 212 213 189 128 89 153 152 153 152 153 152 153 152 153 152 153 152 153 168 aaa 
89 89 89 89 89 89 89 89 89 89 89 89 89 89 89 89 89 89 89 89 89 89 89 89 89 89 89 89 89 89 89 89 89 89 89 89 89 89 89 89 89 89 89 89 89 89 89 89 89 89 89 89 89 89 89 89 89 89 89 89 89 89 aaa 107 173 174 173 174 173 174 173 174 173 174 173 108 173 89 89 176 233 234 231 232 233 234 231 232 233 234 231 232 233 234 231 232 233 234 231 232 233 234 231 232 233 234 231 232 233 234 231 232 233 234 231 232 233 234 231 232 233 234 231 232 233 234 175 89 89 174 173 174 173 174 173 174 173 174 173 174 173 174 168 aaa 
89 89 89 89 89 89 89 89 89 89 89 89 89 89 89 89 89 89 89 89 89 89 89 89 89 89 89 89 89 89 89 89 89 89 89 89 89 89 89 89 89 89 89 89 89 89 89 89 89 89 89 89 89 89 89 89 89 89 89 89 89 89 aaa 107 194 195 194 195 194 195 194 195 194 195 194 153 194 89 89 197 258 259 256 257 258 259 256 257 258 259 256 257 258 259 256 257 258 259 256 257 258 259 256 257 258 259 256 257 258 259 256 257 258 259 256 257 258 259 256 257 258 259 256 257 258 259 197 89 89 195 194 195 194 195 194 195 194 195 194 195 194 195 168 aaa 
89 89 89 89 89 89 89 89 89 89 89 89 89 89 89 89 89 89 89 89 89 89 89 89 89 89 89 89 89 89 89 89 89 89 89 89 89 89 89 89 89 89 89 89 89 89 89 89 89 89 89 89 89 89 89 89 89 89 89 89 89 89 aaa 107 173 174 173 174 173 174 173 174 173 174 173 174 173 89 147 86 275 276 274 274 275 276 274 274 275 276 274 274 275 276 147 86 275 276 274 274 275 276 274 274 275 276 274 274 275 276 147 86 275 276 274 274 275 276 274 274 275 276 274 274 275 276 147 148 149 174 173 174 173 174 173 174 173 174 173 174 173 174 168 aaa 
89 89 89 89 89 89 89 89 89 89 89 89 89 89 89 89 89 89 89 89 89 89 89 89 89 89 89 89 89 89 89 89 89 89 89 89 89 89 89 89 89 89 89 89 89 89 89 89 89 89 89 89 89 89 89 89 89 89 89 89 89 89 aaa 107 194 195 194 195 194 195 aaa 195 194 aaa 194 195 194 84 106 107 152 153 152 153 152 153 152 153 152 153 152 153 152 153 168 107 152 153 152 153 152 153 152 153 152 153 152 153 152 153 168 107 152 153 152 153 152 153 152 153 152 153 152 153 152 153 168 169 106 86 194 195 194 195 194 195 194 195 194 195 194 195 168 aaa 
89 89 89 89 89 89 89 89 89 89 89 89 89 89 89 89 89 89 89 89 89 89 89 89 89 89 89 89 89 89 89 89 89 89 89 89 89 89 89 89 89 89 89 89 89 89 89 89 89 89 89 89 89 89 89 89 89 89 89 89 89 89 aaa 107 173 174 173 174 173 174 108 174 173 108 173 174 147 169 106 107 173 174 173 174 173 174 173 174 173 174 173 174 173 174 168 107 173 174 173 174 173 174 173 174 173 174 173 174 173 174 168 107 173 174 173 174 173 174 173 174 173 174 173 174 173 174 168 169 106 169 149 174 173 174 173 174 173 174 173 174 173 174 168 aaa 
89 89 89 89 89 89 89 89 89 89 89 89 89 89 89 89 89 89 89 89 89 89 89 89 89 89 89 89 89 89 89 89 89 89 89 89 89 89 89 89 89 89 89 89 89 89 89 89 89 89 89 89 89 89 89 89 89 89 89 89 89 89 aaa 107 194 195 194 195 194 195 152 195 194 153 194 195 168 169 106 107 194 195 194 195 194 195 194 195 194 195 194 195 194 195 168 107 194 195 194 195 194 195 194 195 194 195 194 195 194 195 168 107 194 195 194 195 194 195 194 195 194 195 194 195 194 195 168 169 106 169 106 86 194 195 194 195 147 148 85 148 85 148 106 aaa 
89 89 89 89 89 89 89 89 89 89 89 89 89 89 89 89 89 89 89 89 89 89 89 89 89 89 89 89 89 89 89 89 89 89 89 89 89 89 89 89 89 89 89 89 89 89 89 89 89 89 89 89 89 89 89 89 89 89 89 89 89 89 aaa 107 173 174 173 174 173 174 173 174 173 174 173 174 168 169 106 107 173 174 173 174 173 174 173 174 173 174 173 174 173 174 168 107 173 174 173 174 173 174 173 174 173 174 147 148 149 174 168 107 173 174 173 174 173 174 173 174 173 174 173 174 173 174 168 169 106 169 106 169 149 174 173 174 189 190 127 190 127 190 106 aaa 
89 89 89 89 89 89 89 89 89 89 89 89 89 89 89 89 89 89 89 89 89 89 89 89 89 89 89 89 89 89 89 89 89 89 89 89 89 89 89 89 89 89 89 89 89 89 89 89 89 89 89 89 89 89 89 89 89 89 89 89 89 89 aaa 107 aaa aaa 194 195 194 195 194 195 194 195 194 195 168 169 106 107 194 84 85 148 149 195 194 195 194 174 173 174 194 195 168 107 194 84 85 86 194 195 147 86 194 195 168 169 170 195 168 107 194 84 85 148 149 195 194 195 194 195 194 84 149 195 168 169 106 169 106 169 106 86 194 195 89 89 89 245 245 224 168 aaa 
89 89 89 89 89 89 89 89 89 89 89 89 89 89 89 89 89 89 89 89 89 89 89 89 89 89 89 89 89 89 89 89 89 89 89 89 89 89 89 89 89 89 89 89 89 89 89 89 89 89 89 89 89 89 89 89 89 89 89 89 89 89 aaa 169 85 86 173 174 173 174 173 174 173 174 173 195 168 169 106 107 173 105 106 169 170 174 173 174 173 174 173 174 173 174 168 107 173 105 106 107 173 174 168 107 173 174 168 169 170 174 168 107 173 105 106 169 170 174 173 84 149 174 173 105 170 174 168 169 106 169 106 169 106 169 85 148 85 148 85 148 149 266 168 aaa 
89 89 89 89 89 89 89 89 89 89 89 89 89 89 89 aaa aaa aaa aaa aaa aaa aaa aaa aaa aaa aaa aaa aaa aaa aaa aaa aaa aaa aaa aaa aaa aaa aaa aaa aaa aaa aaa aaa aaa aaa aaa aaa aaa aaa aaa aaa aaa aaa aaa aaa aaa aaa aaa aaa aaa aaa aaa aaa 169 106 107 246 246 246 246 246 246 246 246 246 246 168 169 106 107 246 246 246 246 246 246 246 246 246 246 246 246 246 246 168 107 246 246 246 246 246 246 246 246 246 246 246 246 246 246 168 107 246 246 246 246 246 246 246 246 246 246 246 246 246 246 168 169 106 169 106 169 106 169 106 169 106 169 106 169 170 266 168 aaa 
89 89 89 89 89 89 89 89 89 89 89 89 89 89 aaa 157 157 157 157 157 157 157 157 157 157 157 157 157 157 157 157 157 157 157 157 157 157 157 157 157 157 157 157 157 157 157 157 157 157 157 157 157 157 157 157 157 157 157 157 157 157 157 157 157 157 157 157 157 157 157 157 157 157 157 157 157 157 157 157 157 157 157 157 157 157 157 157 157 157 157 157 157 157 157 157 157 157 157 157 157 157 157 157 157 157 157 157 157 29 50 50 90 90 90 90 90 90 90 90 90 90 90 90 90 90 90 90 90 90 90 90 90 90 90 90 90 90 90 90 90 91 266 91 aaa 
89 89 89 89 89 89 89 89 89 89 89 89 89 89 aaa 157 157 157 157 157 157 157 157 157 157 157 157 157 157 157 157 157 157 157 157 157 157 157 157 157 157 157 157 157 157 157 157 157 157 157 157 157 157 157 157 157 157 157 157 157 157 157 157 157 157 157 157 157 157 157 157 157 157 157 157 157 157 157 157 157 157 157 157 157 157 157 157 157 157 157 157 157 157 157 157 157 157 157 157 157 157 157 157 157 157 157 157 157 29 50 50 68 69 69 69 69 66 67 68 69 69 69 69 69 66 67 68 69 69 69 69 69 66 67 68 69 69 69 69 69 91 266 91 aaa 
89 89 89 89 89 89 89 89 89 89 89 89 89 89 aaa 157 157 157 157 157 157 157 157 157 157 157 157 157 157 157 157 157 157 157 157 157 157 157 157 157 157 157 157 157 157 157 157 157 157 157 157 157 157 157 157 157 157 157 157 157 157 157 157 157 157 157 157 157 157 157 157 157 157 157 157 157 157 157 157 157 157 157 157 157 157 157 157 157 157 157 157 157 157 157 157 157 157 157 157 157 157 157 157 157 157 157 157 157 29 50 50 89 89 89 89 89 87 88 89 89 89 89 89 89 87 88 89 89 89 89 89 89 87 88 89 89 89 89 89 89 91 266 91 aaa 
89 89 89 89 89 89 89 89 89 89 89 89 89 89 aaa 157 157 157 157 157 157 157 157 157 157 157 157 157 157 157 157 157 157 14 15 16 157 157 157 157 157 157 157 157 157 157 157 157 157 14 15 16 157 157 157 157 157 157 14 15 16 157 157 157 157 157 157 157 157 157 14 15 16 157 157 157 157 157 157 157 157 14 15 16 157 157 157 157 157 157 157 157 157 157 157 14 15 16 157 157 157 157 157 157 157 157 157 157 29 50 50 89 89 89 89 89 87 88 89 89 89 89 89 89 87 88 89 89 89 89 89 89 87 88 89 89 89 89 89 89 91 266 91 aaa 
89 89 89 89 89 89 89 89 89 89 89 89 89 89 aaa 157 157 157 157 157 157 157 157 157 157 157 157 157 157 157 157 14 15 17 17 17 38 157 157 157 157 157 157 157 157 157 157 14 15 17 17 17 38 157 157 157 157 14 17 17 17 38 157 157 157 157 157 157 14 15 17 17 17 38 157 157 157 157 157 14 15 17 17 17 38 157 157 157 157 157 157 157 157 14 15 17 17 17 38 157 157 157 157 157 157 157 4 5 6 7 8 89 89 89 89 89 87 88 89 89 89 89 89 89 87 88 89 89 89 89 89 89 87 88 89 89 89 89 89 89 91 266 91 aaa 
89 89 89 89 89 89 89 89 89 89 89 89 89 89 aaa 157 157 14 15 15 16 157 157 157 157 157 157 157 157 157 14 17 17 17 17 37 18 19 39 157 14 15 15 16 157 157 14 17 17 17 36 37 18 39 157 157 99 35 17 36 37 18 40 157 157 157 157 14 17 17 17 36 37 18 39 157 157 157 14 17 17 17 36 37 18 19 39 14 15 16 157 157 14 17 17 17 36 37 18 39 157 157 157 157 157 157 9 26 27 28 89 89 192 193 89 89 87 88 89 89 192 193 89 89 87 88 89 89 192 193 89 89 87 88 89 89 192 193 89 89 91 266 91 aaa 
89 89 89 89 89 89 89 89 89 89 89 89 89 89 aaa 14 15 17 17 17 17 15 16 157 157 157 157 157 157 99 aaa 35 17 37 aaa 18 18 18 80 15 17 17 17 17 15 78 61 41 17 37 18 18 18 18 40 157 157 56 57 58 59 60 157 157 157 157 99 35 17 36 37 18 18 18 18 40 157 99 aaa 35 17 37 18 18 18 18 80 17 17 17 15 78 61 41 17 37 18 18 18 18 40 157 157 157 157 157 9 47 48 49 89 89 157 157 89 89 87 88 89 89 157 157 89 89 87 88 89 89 157 157 89 89 87 88 89 89 157 157 89 89 91 89 91 aaa 
89 89 89 89 89 89 89 89 89 89 89 89 89 89 aaa 17 17 17 17 aaa 17 17 17 15 15 16 157 157 157 157 56 aaa 57 58 58 80 81 81 17 17 17 17 17 17 17 17 17 81 20 58 58 59 aaa 60 157 157 157 157 157 157 157 157 157 157 157 157 157 56 57 58 58 58 58 59 60 157 157 157 56 aaa 57 58 58 80 81 81 17 17 17 17 17 17 17 81 20 58 58 59 aaa 60 157 157 157 157 157 14 9 47 48 157 89 89 157 157 89 89 87 88 89 89 157 157 89 89 87 88 89 89 157 157 89 89 87 88 89 89 15 15 89 89 89 89 91 aaa 
89 89 89 89 89 89 89 89 89 89 89 89 89 89 aaa 17 17 17 17 aaa aaa 17 17 17 17 17 16 157 157 157 157 157 157 14 15 17 17 17 17 17 17 17 17 17 17 17 17 17 17 16 157 157 157 157 157 157 157 157 157 157 157 157 157 157 157 157 157 157 157 157 157 157 157 157 157 157 157 157 157 157 157 14 15 17 17 17 17 17 17 17 17 17 17 17 17 16 157 157 157 157 157 157 157 14 15 17 9 47 48 16 89 89 157 157 89 89 87 88 89 89 14 15 89 89 87 88 89 89 15 15 89 89 87 88 89 89 17 17 89 89 89 89 91 aaa 
89 89 89 89 89 89 89 89 89 89 89 89 89 89 aaa 0 1 21 22 0 1 21 22 0 1 21 22 0 1 21 22 aaa 1 2 3 0 1 21 22 0 1 21 22 0 1 21 22 0 1 21 22 0 1 21 22 0 1 21 22 0 1 21 22 0 1 21 22 0 1 21 22 0 1 21 22 0 1 21 22 0 1 21 22 0 1 21 22 0 1 21 22 0 1 21 22 0 1 21 22 aaa 1 2 3 0 1 21 22 0 1 21 22 0 1 21 22 0 1 21 22 0 1 21 22 0 1 21 22 0 1 21 22 0 1 21 22 0 1 21 22 0 1 21 22 aaa 
89 89 89 89 89 89 89 89 89 89 89 89 89 89 aaa 25 64 42 43 63 64 42 43 63 64 42 43 63 64 42 45 46 79 17 24 25 64 42 43 63 64 42 43 63 64 42 43 63 64 42 43 63 64 42 43 63 64 42 43 63 64 42 43 63 64 42 43 63 64 42 43 63 64 42 43 63 64 42 43 63 64 42 43 63 64 42 43 63 64 42 43 63 64 42 43 63 64 42 45 46 157 14 24 25 64 42 43 63 64 42 43 63 64 42 43 63 64 42 43 63 64 42 43 63 64 42 43 63 64 42 43 63 64 42 43 63 64 42 43 63 64 42 43 aaa 
89 89 89 89 89 89 89 89 89 89 89 89 89 89 aaa 17 23 63 64 42 43 63 64 42 43 63 64 42 43 44 157 14 17 17 17 17 23 63 64 42 43 63 64 42 43 63 64 42 43 63 64 42 43 63 64 42 43 63 64 42 43 63 64 42 43 63 64 42 43 63 64 42 43 63 64 42 43 63 64 42 43 63 64 42 43 63 64 42 43 63 64 42 43 63 64 42 43 44 157 14 15 17 17 17 23 63 64 42 43 63 64 42 43 63 64 42 43 63 64 42 43 63 64 42 43 63 64 42 43 63 64 42 43 63 64 42 43 63 64 42 43 63 64 aaa 
89 89 89 89 89 89 89 89 89 89 89 89 89 89 89 aaa aaa aaa aaa aaa aaa aaa aaa aaa aaa aaa aaa aaa aaa aaa aaa aaa aaa aaa aaa aaa aaa aaa aaa aaa aaa aaa aaa aaa aaa aaa aaa aaa aaa aaa aaa aaa aaa aaa aaa aaa aaa aaa aaa aaa aaa aaa aaa aaa aaa aaa aaa aaa aaa aaa aaa aaa aaa aaa aaa aaa aaa aaa aaa aaa aaa aaa aaa aaa aaa aaa aaa aaa aaa aaa aaa aaa aaa aaa aaa aaa aaa aaa aaa aaa aaa aaa aaa aaa aaa aaa aaa aaa aaa aaa aaa aaa aaa aaa aaa aaa aaa aaa aaa aaa aaa aaa aaa aaa aaa aaa aaa aaa aaa aaa aaa aaa aaa aaa aaa aaa aaa aaa aaa aaa aaa aaa aaa 89 

