103 223 223 223 223 223 223 223 223 223 223 223 223 223 223 223 223 223 223 223 223 223 223 223 223 223 223 223 223 223 223 223 223 223 223 223 223 223 223 223 223 223 223 223 223 223 223 223 223 223 223 223 223 223 223 223 223 223 223 223 223 223 223 223 223 223 223 223 223 223 223 223 223 223 223 223 223 223 223 223 223 103 103 103 103 103 103 103 103 103 103 103 103 103 103 103 103 103 103 103 103 103 103 103 103 103 103 103 103 103 103 103 103 103 103 103 103 103 103 103 103 103 103 103 103 103 103 103 103 103 
247 138 138 138 138 138 138 138 138 138 138 138 138 138 138 138 138 138 138 138 138 138 138 138 138 138 138 138 138 138 138 138 138 138 138 138 138 138 138 138 138 138 138 138 138 138 138 138 138 138 138 138 138 138 138 138 138 138 138 138 138 138 138 138 138 138 138 138 138 138 aaa aaa aaa aaa aaa aaa aaa 138 138 138 138 224 103 103 103 103 103 103 103 103 103 103 103 103 103 103 103 103 103 103 103 103 103 103 103 103 103 103 103 103 103 103 103 103 103 103 103 103 103 103 103 103 103 103 103 103 103 103 103 103 
247 208 120 121 120 121 168 167 168 167 168 167 120 121 120 121 230 208 168 167 168 167 168 167 168 167 168 167 120 121 120 121 230 208 103 103 103 103 103 103 103 103 103 103 103 103 103 103 230 208 120 121 168 167 168 167 168 167 120 121 120 121 168 167 230 232 232 232 232 208 187 185 185 185 aaa 103 168 230 232 232 232 224 103 103 103 103 103 103 103 103 103 103 103 103 103 103 103 103 103 103 103 103 103 103 103 103 103 103 103 103 103 103 103 103 103 103 103 103 103 103 103 103 103 103 103 103 103 103 103 103 
247 116 aaa 97 98 164 165 166 165 166 165 166 165 97 98 164 184 116 aaa 166 165 166 165 97 98 164 165 166 165 97 98 164 184 116 103 103 103 103 103 103 103 103 103 103 103 103 103 103 184 116 96 97 98 164 165 166 165 97 98 97 98 164 165 166 184 115 115 115 115 116 162 209 210 209 210 164 165 184 115 115 115 224 103 103 103 103 103 103 103 103 103 103 103 103 103 103 103 103 103 103 103 103 103 103 103 103 103 103 103 103 103 103 103 103 103 103 103 103 103 103 103 103 103 103 103 103 103 103 103 103 
247 139 97 98 97 98 97 98 188 141 97 98 97 98 97 98 207 139 97 98 188 141 97 98 97 98 97 98 97 98 97 98 207 139 103 103 103 103 103 103 103 103 103 103 103 103 103 103 207 139 97 98 97 98 188 141 142 141 142 141 97 98 97 98 207 138 aaa aaa aaa aaa 103 211 209 210 211 189 142 207 138 138 138 224 103 103 103 103 103 103 103 103 103 103 103 103 103 103 103 103 103 103 103 103 103 103 103 103 103 103 103 103 103 103 103 103 103 103 103 103 103 103 103 103 103 103 103 103 103 103 103 103 
247 208 96 97 98 97 98 164 165 97 98 97 98 97 98 164 230 208 96 97 98 aaa aaa 97 98 97 98 aaa aaa 97 98 96 230 208 103 103 103 103 103 103 103 103 103 aaa aaa aaa 103 103 230 208 96 97 98 164 165 166 165 166 165 97 98 97 98 96 230 208 144 143 144 143 144 143 144 143 144 97 98 230 232 232 232 224 103 103 103 103 103 103 103 103 103 103 103 103 103 103 103 103 103 103 103 103 103 103 103 103 103 103 103 103 103 103 103 103 103 103 103 103 103 103 103 103 103 103 103 103 103 103 103 103 
247 116 97 98 140 141 142 141 97 98 140 141 97 98 97 98 184 116 97 98 140 aaa aaa 96 97 98 140 aaa aaa 189 97 98 184 116 103 103 103 103 103 103 103 103 103 aaa aaa aaa 103 103 184 116 97 98 97 98 188 141 142 141 97 98 97 98 97 98 184 116 211 189 142 141 142 141 97 98 97 98 96 184 115 115 115 224 103 103 103 103 103 103 103 103 103 103 103 103 103 103 103 103 103 103 103 103 103 103 103 103 103 103 103 103 103 103 103 103 103 103 103 103 103 103 103 103 103 103 103 103 103 103 103 103 
247 139 96 164 165 166 165 166 165 166 165 166 165 97 98 96 207 139 aaa 97 98 97 98 97 98 97 98 164 165 97 98 96 207 139 103 103 103 103 103 103 103 103 103 103 aaa aaa 103 103 207 139 aaa aaa 165 166 165 166 165 166 165 166 165 97 98 164 aaa aaa 211 164 165 69 70 164 165 97 98 164 165 aaa aaa aaa 138 224 103 103 103 103 103 103 103 103 103 103 103 103 103 103 103 103 103 103 103 103 103 103 103 103 103 103 103 103 103 103 103 103 103 103 103 103 103 103 103 103 103 103 103 103 103 103 103 103 
247 69 70 69 70 189 142 141 142 141 142 141 142 141 97 98 230 208 97 98 97 98 97 98 97 98 140 141 97 98 97 98 230 208 103 103 103 103 103 103 103 103 103 103 103 103 103 103 230 208 aaa aaa 188 141 142 141 142 141 142 141 142 141 97 98 122 121 168 189 142 161 74 189 142 141 97 98 103 103 185 186 230 224 103 103 103 103 103 103 103 103 103 103 103 103 103 103 103 103 103 103 103 103 103 103 103 103 103 103 103 103 103 103 103 103 103 103 103 103 103 103 103 103 103 103 103 103 103 103 103 103 
247 aaa aaa aaa aaa 164 165 166 165 166 165 166 165 97 98 96 184 116 aaa 97 98 164 165 166 165 166 165 166 165 97 98 164 184 116 103 103 103 103 103 103 103 103 103 103 103 103 103 103 184 116 aaa aaa 165 166 165 166 165 166 165 166 165 97 98 97 98 97 98 164 165 184 116 97 98 97 98 97 98 69 70 162 184 224 103 103 103 103 103 103 103 103 103 103 103 103 103 103 103 103 103 103 103 103 103 103 103 103 103 103 103 103 103 103 103 103 103 103 103 103 103 103 103 103 103 103 103 103 103 103 103 103 
247 138 aaa aaa aaa 189 142 141 142 141 142 141 142 141 97 98 120 121 188 141 142 141 142 141 142 141 142 141 142 141 97 98 140 103 103 103 103 103 103 103 103 103 103 103 103 103 103 103 207 138 69 70 188 aaa aaa 98 aaa aaa aaa 98 aaa aaa 96 211 69 70 97 98 96 207 139 189 97 98 97 98 140 aaa aaa 162 207 224 103 103 103 103 103 103 103 103 103 103 103 103 103 103 103 103 103 103 103 103 103 103 103 103 103 103 103 103 103 103 103 103 103 103 103 103 103 103 103 103 103 103 103 103 103 103 103 103 
247 208 187 185 103 103 165 166 165 166 165 166 165 97 98 97 98 97 98 164 165 166 165 166 165 166 165 97 98 164 165 166 165 103 103 103 103 103 103 103 103 103 103 103 103 103 103 103 230 232 92 74 aaa 166 165 166 165 166 165 97 98 97 98 143 161 74 96 97 98 230 208 aaa aaa 97 98 164 165 230 208 162 230 224 103 103 103 103 103 103 103 103 103 103 103 103 103 103 103 103 103 103 103 103 103 103 103 103 103 103 103 103 103 103 103 103 103 103 103 103 103 103 103 103 103 103 103 103 103 103 103 103 
247 116 162 211 209 210 209 210 209 210 209 210 209 210 209 210 209 210 209 210 209 210 209 210 209 210 209 210 209 210 209 210 209 210 209 210 209 210 209 210 209 210 209 210 209 210 209 210 184 115 115 116 163 163 163 163 163 163 163 163 163 163 163 163 184 116 140 141 96 184 115 209 210 209 210 209 210 115 116 162 184 aaa 223 223 223 223 223 223 223 223 223 223 223 223 223 223 223 103 103 103 103 103 103 103 103 103 103 103 103 103 103 103 103 103 103 103 103 103 103 103 103 103 103 103 103 103 103 103 103 103 
247 139 162 207 138 138 138 138 138 138 138 138 138 138 138 138 138 aaa 246 246 246 246 246 246 246 246 246 246 246 246 246 246 246 246 246 246 246 246 246 246 246 246 246 246 246 246 246 246 246 246 246 246 246 246 246 246 246 246 246 246 246 246 246 246 aaa 208 aaa 166 165 230 232 232 232 232 232 232 232 232 208 162 230 232 232 232 232 232 232 232 232 232 232 232 232 232 232 232 232 224 103 103 103 103 103 103 103 103 103 103 103 103 103 103 103 103 103 103 103 103 103 103 103 103 103 103 103 103 103 103 103 103 
247 208 162 aaa 120 121 120 121 120 121 120 121 120 121 168 167 230 224 103 103 103 103 103 103 103 103 103 103 103 103 103 103 103 103 103 103 103 103 103 103 103 103 103 103 103 103 103 103 103 103 103 103 103 103 103 103 103 103 103 103 103 103 103 103 247 116 188 141 142 184 115 115 115 115 115 115 115 115 116 103 184 115 115 115 115 115 115 115 115 115 115 115 115 115 115 115 115 224 103 103 103 103 103 103 103 103 103 103 103 103 103 103 103 103 103 103 103 103 103 103 103 103 103 103 103 103 103 103 103 103 
247 116 103 aaa aaa 166 165 97 98 97 98 97 98 164 165 166 184 224 103 103 103 103 103 103 103 103 103 103 103 103 103 103 103 103 103 103 103 103 103 103 103 103 103 103 103 103 103 103 103 103 103 103 103 103 103 103 103 103 103 103 103 103 103 103 247 139 aaa 166 165 143 144 120 121 120 121 120 121 120 121 144 144 143 144 120 121 120 121 120 121 120 121 143 144 120 121 119 207 224 103 103 103 103 103 103 103 103 103 103 103 103 103 103 103 103 103 103 103 103 103 103 103 103 103 103 103 103 103 103 103 103 
247 139 103 167 188 141 97 98 97 98 140 141 97 98 97 98 207 224 103 103 103 103 103 103 103 103 103 103 103 103 103 103 103 103 103 103 103 103 103 103 103 103 103 103 103 103 103 103 103 103 103 103 103 103 103 103 103 103 103 103 103 103 103 103 247 208 97 98 188 141 97 98 97 98 97 98 97 98 97 98 97 98 97 98 97 98 140 141 97 98 140 141 97 98 97 98 230 224 103 103 103 103 103 103 103 103 103 103 103 103 103 103 103 103 103 103 103 103 103 103 103 103 103 103 103 103 103 103 103 103 
247 208 aaa 166 165 166 165 166 165 166 165 97 98 97 98 164 230 224 103 103 103 103 103 103 103 103 103 103 103 103 103 103 103 103 103 103 103 103 103 103 103 103 103 103 103 103 103 103 103 103 103 103 103 103 103 103 103 103 103 103 103 103 103 103 247 116 96 97 98 164 165 aaa aaa 166 165 97 98 97 98 aaa aaa 97 98 97 98 97 98 164 165 166 165 97 98 97 98 164 184 224 103 103 103 103 103 103 103 103 103 103 103 103 103 103 103 103 103 103 103 103 103 103 103 103 103 103 103 103 103 103 103 103 
247 116 188 141 97 98 97 98 188 141 142 141 97 aaa 97 98 184 224 103 103 103 103 103 103 103 103 103 103 103 103 103 103 103 103 103 103 103 103 103 103 103 103 103 103 103 103 103 103 103 103 103 103 103 103 103 103 103 103 103 103 103 103 103 103 247 139 97 98 140 141 142 aaa aaa 96 97 98 97 98 140 aaa aaa 141 97 98 140 141 142 141 142 141 97 98 97 98 96 69 70 224 103 103 103 103 103 103 103 103 103 103 103 103 103 103 103 103 103 103 103 103 103 103 103 103 103 103 103 103 103 103 103 103 
247 139 aaa 166 165 166 165 166 165 166 165 166 aaa aaa aaa 164 207 224 103 103 103 103 103 103 103 103 103 103 103 103 103 103 103 103 103 103 103 103 103 103 103 103 103 103 103 103 103 103 103 103 103 103 103 103 103 103 103 103 103 103 103 103 103 103 247 208 aaa 97 98 97 98 164 165 166 165 97 98 97 98 164 165 97 98 164 165 166 165 97 98 97 98 97 98 69 70 71 93 224 103 103 103 103 103 103 103 103 103 103 103 103 103 103 103 103 103 103 103 103 103 103 103 103 103 103 103 103 103 103 103 103 
247 69 70 69 70 189 142 141 142 141 142 141 aaa aaa aaa 98 230 224 103 103 103 103 103 103 103 103 103 103 103 103 103 103 103 103 103 103 103 103 103 103 103 103 103 103 103 103 103 103 103 103 103 103 103 103 103 103 103 103 103 103 103 103 103 103 247 116 188 141 97 98 140 141 142 141 97 98 97 98 140 141 142 141 97 98 188 141 142 141 97 98 140 141 96 73 aaa 49 115 224 103 103 103 103 103 103 103 103 103 103 103 103 103 103 103 103 103 103 103 103 103 103 103 103 103 103 103 103 103 103 103 103 
247 aaa aaa aaa aaa 164 165 166 165 166 165 166 165 166 165 166 184 224 103 103 103 103 103 103 103 103 103 103 103 103 103 103 103 103 103 103 103 103 103 103 103 103 103 103 103 103 103 103 103 103 103 103 103 103 103 103 103 103 103 103 103 103 103 103 247 139 209 210 211 164 165 166 165 97 98 97 98 97 98 69 70 69 70 69 70 69 70 69 70 164 165 166 165 aaa aaa aaa 138 224 103 103 103 103 103 103 103 103 103 103 103 103 103 103 103 103 103 103 103 103 103 103 103 103 103 103 103 103 103 103 103 103 
247 138 aaa aaa aaa 189 142 141 142 141 142 141 142 141 142 141 207 224 103 103 103 103 103 103 103 103 103 103 103 103 103 103 103 103 103 103 103 103 103 103 103 103 103 103 103 103 103 103 103 103 103 103 103 103 103 103 103 103 103 103 103 103 103 103 247 208 211 209 210 189 142 189 142 141 96 69 70 69 70 71 93 94 93 94 93 94 93 94 93 69 70 141 103 103 185 186 230 224 103 103 103 103 103 103 103 103 103 103 103 103 103 103 103 103 103 103 103 103 103 103 103 103 103 103 103 103 103 103 103 103 
247 208 187 185 103 103 aaa 166 165 166 165 166 165 166 165 166 230 224 103 103 103 103 103 103 103 103 103 103 103 103 103 103 103 103 103 103 103 103 103 103 103 103 103 103 103 103 103 103 103 103 103 103 103 103 103 103 103 103 103 103 103 103 103 103 247 116 187 185 103 103 aaa 69 70 69 70 71 aaa aaa aaa 49 115 115 115 115 115 115 115 115 115 aaa aaa 69 70 69 70 162 184 224 103 103 103 103 103 103 103 103 103 103 103 103 103 103 103 103 103 103 103 103 103 103 103 103 103 103 103 103 103 103 103 103 
247 116 162 76 1 1 1 1 1 1 1 1 1 1 1 1 184 aaa 223 223 223 223 223 223 223 223 223 223 223 223 223 223 223 223 223 223 223 223 223 223 223 223 223 223 223 223 223 223 223 223 223 223 223 223 223 223 223 223 223 223 223 223 223 223 aaa 139 162 209 210 209 210 71 aaa aaa aaa aaa 138 138 138 138 138 138 138 138 138 138 138 138 138 138 138 aaa aaa aaa aaa 162 207 224 103 103 103 103 103 103 103 103 103 103 103 103 103 103 103 103 103 103 103 103 103 103 103 103 103 103 103 103 103 103 103 103 
247 208 162 207 138 138 138 138 138 138 138 138 138 138 138 139 230 232 232 232 232 232 232 232 232 232 232 232 232 232 232 232 232 232 232 232 232 232 232 232 232 232 232 232 232 232 232 232 232 232 232 232 232 232 232 232 232 232 232 232 232 232 232 232 232 208 162 230 232 232 232 232 232 232 232 232 232 232 232 232 232 232 232 232 232 232 232 232 232 232 232 232 232 232 208 162 230 224 103 103 103 103 103 103 103 103 103 103 103 103 103 103 103 103 103 103 103 103 103 103 103 103 103 103 103 103 103 103 103 103 
247 116 162 aaa 168 167 168 167 168 167 120 121 120 121 120 121 184 115 115 115 115 115 115 115 115 115 115 115 115 115 115 115 115 115 115 115 115 115 115 115 115 115 115 115 115 115 115 115 115 115 115 115 115 115 115 115 115 115 115 115 115 115 115 115 115 116 162 184 115 115 115 115 115 115 115 115 115 115 115 115 115 115 115 115 115 115 115 115 115 115 115 115 115 115 116 162 184 224 103 103 103 103 103 103 103 103 103 103 103 103 103 103 103 103 103 103 103 103 103 103 103 103 103 103 103 103 103 103 103 103 
247 139 103 aaa aaa 166 165 166 165 166 165 97 98 97 98 96 207 139 144 120 121 120 121 143 144 120 121 120 121 143 144 143 144 120 121 143 144 143 144 120 121 120 121 120 121 120 121 120 121 120 19 20 144 120 121 143 144 120 121 19 20 132 121 143 207 139 103 207 139 143 144 143 144 120 121 120 19 20 121 143 207 138 aaa aaa aaa 19 20 143 144 143 144 143 aaa 143 231 103 207 224 103 103 103 103 103 103 103 103 103 103 103 103 103 103 103 103 103 103 103 103 103 103 103 103 103 103 103 103 103 103 103 103 
247 208 103 167 188 141 142 141 142 141 142 141 97 98 97 98 230 208 97 98 97 98 140 141 142 141 142 200 223 223 223 223 223 201 140 189 142 141 142 141 97 98 142 141 97 98 97 98 140 141 15 18 142 141 142 141 97 98 97 15 18 132 97 98 230 208 103 103 168 189 97 98 188 141 97 98 21 22 140 141 230 208 187 185 103 21 22 141 142 164 97 98 aaa 98 168 103 230 224 103 103 103 103 103 103 103 103 103 103 103 103 103 103 103 103 103 103 103 103 103 103 103 103 103 103 103 103 103 103 103 103 
247 116 aaa 166 165 166 165 166 165 166 165 97 98 97 98 96 184 116 96 97 98 97 98 164 165 166 154 136 246 246 aaa aaa aaa 226 181 164 165 211 165 166 165 aaa aaa 223 223 223 201 166 165 166 38 40 43 43 43 43 43 43 43 39 40 133 43 43 184 115 69 70 69 70 aaa 166 165 97 98 97 21 22 aaa 96 184 116 162 69 70 21 22 aaa aaa 97 98 189 165 97 98 164 184 224 103 103 103 103 103 103 103 103 103 103 103 103 103 103 103 103 103 103 103 103 103 103 103 103 103 103 103 103 103 103 103 103 
247 139 97 98 aaa 141 142 141 142 141 97 98 97 98 97 98 207 139 97 98 97 98 140 141 97 98 247 224 103 154 136 246 246 270 140 200 223 223 223 201 140 aaa aaa aaa aaa aaa 226 181 188 141 61 64 97 98 140 141 97 98 97 61 63 132 216 aaa 207 138 aaa aaa aaa aaa 69 70 69 70 140 141 173 174 97 98 207 139 162 aaa aaa 21 22 aaa aaa 189 172 125 97 98 69 70 72 224 103 103 103 103 103 103 103 103 103 103 103 103 103 103 103 103 103 103 103 103 103 103 103 103 103 103 103 103 103 103 103 103 
247 208 96 aaa aaa aaa 165 166 165 166 165 166 165 97 98 96 230 208 96 97 98 164 165 166 165 166 aaa aaa 103 247 224 103 aaa 166 154 136 246 246 246 137 271 164 269 246 246 246 270 143 aaa 166 21 22 aaa 164 200 223 201 97 98 21 22 132 165 166 230 232 232 232 232 232 92 93 94 74 aaa 166 196 197 98 96 230 208 162 230 208 173 174 164 165 97 98 172 aaa 96 161 93 95 224 103 103 103 103 103 103 103 103 103 103 103 103 103 103 103 103 103 103 103 103 103 103 103 103 103 103 103 103 103 103 103 103 
247 116 97 aaa aaa aaa 97 98 188 141 142 141 97 98 97 98 184 116 97 98 140 141 142 141 142 141 aaa aaa 223 160 272 189 142 141 aaa aaa 103 103 103 247 224 189 142 aaa aaa 223 223 201 97 98 173 174 140 154 136 246 137 271 188 21 22 132 142 141 184 115 115 115 115 115 115 115 115 116 97 98 aaa 17 215 aaa 184 116 162 184 116 196 197 96 97 98 97 98 171 100 184 115 115 224 103 103 103 103 103 103 103 103 103 103 103 103 103 103 103 103 103 103 103 103 103 103 103 103 103 103 103 103 103 103 103 103 
247 139 96 97 98 164 165 166 165 166 165 166 165 97 98 164 144 143 aaa 97 98 164 165 69 70 164 165 269 246 270 aaa 97 98 164 aaa aaa 223 223 223 160 272 97 98 aaa aaa aaa aaa 226 181 166 196 197 172 aaa aaa 103 247 224 aaa 69 70 132 165 166 144 143 144 120 121 143 144 120 121 120 98 164 38 40 43 43 207 139 162 231 144 aaa aaa 97 98 164 165 171 aaa 166 aaa aaa 138 224 103 103 103 103 103 103 103 103 103 103 103 103 103 103 103 103 103 103 103 103 103 103 103 103 103 103 103 103 103 103 103 103 
247 208 97 98 97 98 188 141 142 141 142 141 97 98 97 98 188 141 97 98 140 69 70 71 aaa 189 142 141 97 98 97 98 97 aaa 140 269 246 246 246 270 97 98 140 141 269 246 246 270 140 141 65 66 140 aaa aaa 223 160 272 188 161 93 69 70 189 142 141 142 141 142 141 97 98 97 98 97 98 61 64 97 aaa 230 208 162 aaa 43 39 40 43 43 43 171 42 39 40 43 133 230 224 103 103 103 103 103 103 103 103 103 103 103 103 103 103 103 103 103 103 103 103 103 103 103 103 103 103 103 103 103 103 103 103 
247 116 96 97 98 164 165 166 165 166 165 97 98 97 98 164 165 69 70 69 70 71 aaa 49 116 97 98 164 165 97 98 97 98 211 aaa 166 165 97 98 164 165 166 165 97 98 164 165 166 165 97 21 22 98 143 269 246 270 164 165 184 115 aaa aaa 69 70 69 70 69 70 69 70 69 70 69 70 164 21 22 aaa 69 70 116 162 aaa aaa 61 64 164 165 166 165 166 61 63 170 132 184 224 103 103 103 103 103 103 103 103 103 103 103 103 103 103 103 103 103 103 103 103 103 103 103 103 103 103 103 103 103 103 103 103 
247 139 209 210 209 210 209 210 209 210 209 210 209 210 209 210 211 71 aaa aaa aaa aaa 138 138 139 163 163 163 163 163 163 163 163 211 163 163 163 163 163 163 163 163 163 163 163 163 163 163 163 163 163 163 163 163 163 163 163 163 163 207 138 138 138 aaa aaa aaa aaa aaa aaa aaa aaa aaa aaa aaa aaa 163 163 163 163 aaa aaa 139 162 231 163 163 163 163 163 163 163 163 163 163 163 163 207 aaa 223 223 223 223 223 223 223 223 223 223 223 223 223 223 223 103 103 103 103 103 103 103 103 103 103 103 103 103 103 103 103 103 
103 aaa aaa aaa aaa aaa aaa aaa aaa aaa aaa aaa aaa aaa 246 aaa aaa aaa aaa aaa aaa aaa aaa aaa aaa aaa aaa aaa 246 246 246 246 246 246 246 246 246 246 246 246 246 246 246 246 246 246 246 246 246 246 246 246 246 246 246 246 246 246 246 246 246 246 246 246 246 246 246 246 246 246 246 246 246 246 246 246 246 246 246 246 aaa 208 162 230 232 232 232 232 232 232 232 232 232 232 232 232 232 232 232 232 232 232 232 232 232 232 232 232 232 232 232 232 232 224 103 103 103 103 103 103 103 103 103 103 103 103 103 103 103 103 
247 aaa aaa aaa aaa aaa aaa aaa aaa aaa aaa aaa aaa aaa aaa aaa aaa aaa aaa aaa aaa aaa aaa aaa aaa aaa aaa aaa 224 103 103 103 103 103 103 103 103 103 103 103 103 103 103 103 103 103 103 103 103 103 103 103 103 103 103 103 103 103 103 103 103 103 103 103 103 103 103 103 103 103 103 103 103 103 103 103 103 103 103 103 247 116 162 184 115 115 115 115 115 115 115 115 115 115 115 115 115 115 115 115 115 115 115 115 115 115 115 115 115 115 115 115 115 224 103 103 103 103 103 103 103 103 103 103 103 103 103 103 103 103 
247 aaa aaa aaa aaa aaa aaa aaa aaa aaa aaa aaa aaa aaa aaa aaa aaa aaa aaa aaa aaa aaa aaa aaa aaa aaa aaa aaa 224 103 103 103 103 103 103 103 103 103 103 103 103 103 103 103 103 103 103 103 103 103 103 103 103 103 103 103 103 103 103 103 103 103 103 103 103 103 103 103 103 103 103 103 103 103 103 103 103 103 103 103 247 139 103 231 144 143 19 20 144 143 144 120 121 120 121 120 121 120 121 120 121 143 144 143 144 135 144 143 144 120 121 119 207 224 103 103 103 103 103 103 103 103 103 103 103 103 103 103 103 103 
247 aaa aaa aaa aaa aaa aaa aaa aaa aaa aaa aaa aaa aaa aaa aaa aaa aaa aaa aaa aaa aaa aaa aaa aaa aaa aaa aaa 224 103 103 103 103 103 103 103 103 103 103 103 103 103 103 103 103 103 103 103 103 103 103 103 103 103 103 103 103 103 103 103 103 103 103 103 103 103 103 103 103 103 103 103 103 103 103 103 103 103 103 103 247 208 103 167 188 141 21 22 188 141 97 98 97 98 97 98 97 98 97 98 97 98 188 141 142 135 97 98 aaa 98 97 98 230 224 103 103 103 103 103 103 103 103 103 103 103 103 103 103 103 103 
247 aaa aaa aaa aaa aaa aaa aaa aaa aaa aaa aaa aaa aaa aaa aaa aaa aaa aaa aaa aaa aaa aaa aaa aaa aaa aaa aaa 224 103 103 103 103 103 103 103 103 103 103 103 103 103 103 103 103 103 103 103 103 103 103 103 103 103 103 103 103 103 103 103 103 103 103 103 103 103 103 103 103 103 103 103 103 103 103 103 103 103 103 103 247 116 aaa 166 165 166 21 22 aaa 166 aaa aaa 96 97 98 97 98 164 aaa aaa aaa 166 165 166 165 135 aaa 166 211 aaa 98 96 184 224 103 103 103 103 103 103 103 103 103 103 103 103 103 103 103 103 
247 aaa aaa aaa aaa aaa aaa aaa aaa aaa aaa aaa aaa aaa aaa aaa aaa aaa aaa aaa aaa aaa aaa aaa aaa aaa aaa aaa 224 103 103 103 103 103 103 103 103 103 103 103 103 103 103 103 103 103 103 103 103 103 103 103 103 103 103 103 103 103 103 103 103 103 103 103 103 103 103 103 103 103 103 103 103 103 103 103 103 103 103 103 247 138 69 70 97 98 21 22 188 141 aaa aaa 140 141 97 98 97 98 aaa aaa 97 98 188 141 142 135 188 141 122 146 97 98 207 224 103 103 103 103 103 103 103 103 103 103 103 103 103 103 103 103 
247 aaa aaa aaa aaa aaa aaa aaa aaa aaa aaa aaa aaa aaa aaa aaa aaa aaa aaa aaa aaa aaa aaa aaa aaa aaa aaa aaa 224 103 103 103 103 103 103 103 103 103 103 103 103 103 103 103 103 103 103 103 103 103 103 103 103 103 103 103 103 103 103 103 103 103 103 103 103 103 103 103 103 103 103 103 103 103 103 103 103 103 103 103 247 232 92 74 aaa 166 15 18 aaa 166 165 97 98 97 98 97 98 97 98 97 98 164 165 166 165 135 175 176 aaa 97 98 96 230 224 103 103 103 103 103 103 103 103 103 103 103 103 103 103 103 103 
247 103 103 103 aaa aaa aaa aaa aaa aaa aaa 103 103 103 aaa aaa aaa aaa aaa aaa aaa aaa aaa aaa aaa aaa aaa aaa 224 103 103 103 103 103 103 103 103 103 103 103 103 103 103 103 103 103 103 103 103 103 103 103 103 103 103 103 103 103 103 103 103 103 103 103 103 103 103 103 103 103 103 103 103 103 103 103 103 103 103 103 247 115 115 116 125 42 39 41 97 98 97 98 97 98 97 98 140 141 97 98 140 141 97 98 188 135 198 199 97 98 97 98 184 224 103 103 103 103 103 103 103 103 103 103 103 103 103 103 103 103 
247 103 103 103 103 aaa aaa aaa aaa 103 103 103 103 103 aaa aaa aaa aaa aaa aaa aaa aaa aaa aaa aaa aaa aaa aaa 224 103 103 103 103 103 103 103 103 103 103 103 103 103 103 103 103 103 103 103 103 103 103 103 103 103 103 103 103 103 103 103 103 103 103 103 103 103 103 103 103 103 103 103 103 103 103 103 103 103 103 103 247 138 138 139 170 aaa aaa 64 98 97 98 97 98 97 98 97 98 97 98 97 98 164 165 166 165 135 aaa 166 165 aaa aaa aaa 207 224 103 103 103 103 103 103 103 103 103 103 103 103 103 103 103 103 
247 aaa aaa aaa aaa aaa aaa aaa aaa aaa aaa aaa aaa 103 aaa aaa aaa aaa aaa aaa aaa aaa aaa aaa aaa aaa aaa aaa 224 103 103 103 103 103 103 103 103 103 103 103 103 103 103 103 103 103 103 103 103 103 103 103 103 103 103 103 103 103 103 103 103 103 103 103 103 103 103 103 103 103 103 103 103 103 103 103 103 103 103 103 247 208 168 167 97 98 21 aaa aaa aaa 97 98 aaa aaa aaa 98 97 98 69 70 140 141 142 69 70 135 188 141 97 98 211 100 230 224 103 103 103 103 103 103 103 103 103 103 103 103 103 103 103 103 
247 103 103 103 103 aaa aaa aaa aaa aaa 103 103 103 103 aaa aaa aaa aaa aaa aaa aaa aaa aaa aaa aaa aaa aaa aaa 224 103 103 103 103 103 103 103 103 103 103 103 103 103 103 103 103 103 103 103 103 103 103 103 103 103 103 103 103 103 103 103 103 103 103 103 103 103 103 103 103 103 103 103 103 103 103 103 103 103 103 103 247 116 aaa 97 98 97 21 22 211 aaa 98 164 165 211 aaa 166 165 166 73 aaa aaa 164 165 73 aaa 134 125 42 43 43 43 43 184 224 103 103 103 103 103 103 103 103 103 103 103 103 103 103 103 103 
aaa aaa aaa aaa aaa aaa aaa aaa aaa aaa aaa aaa aaa aaa aaa aaa aaa aaa aaa aaa aaa aaa aaa aaa aaa aaa aaa aaa 224 103 103 103 103 103 103 103 103 103 103 103 103 103 103 103 103 103 103 103 103 103 103 103 103 103 103 103 103 103 103 103 103 103 103 103 103 103 103 103 103 103 103 103 103 103 103 103 103 103 103 103 247 139 163 163 163 163 163 163 211 163 163 163 163 211 163 163 163 163 207 139 163 163 163 207 139 135 140 141 97 211 aaa 98 207 224 103 103 103 103 103 103 103 103 103 103 103 103 103 103 103 103 
103 103 103 103 103 103 103 103 103 103 103 103 103 103 247 aaa aaa aaa aaa aaa aaa aaa aaa aaa aaa aaa aaa aaa 224 103 103 103 103 103 103 103 103 103 103 103 103 103 103 103 103 103 103 103 103 103 103 103 103 103 103 103 103 103 103 103 103 103 103 103 103 103 103 103 103 103 103 103 103 103 103 103 103 103 103 103 103 246 246 246 246 246 246 246 246 246 246 246 246 246 246 246 aaa 232 232 232 232 232 232 232 208 89 165 166 165 122 146 164 230 224 103 103 103 103 103 103 103 103 103 103 103 103 103 103 103 103 
103 103 103 103 103 103 103 103 103 103 103 103 103 103 103 246 246 246 246 246 246 246 246 246 246 246 246 246 103 103 103 103 103 103 103 103 103 103 103 103 103 103 103 103 103 103 103 103 103 103 103 103 103 103 103 103 103 103 103 103 103 103 103 103 103 103 103 103 103 103 103 103 103 103 103 103 103 103 103 103 103 103 103 103 103 103 103 103 103 103 103 103 103 103 103 103 247 115 115 115 115 115 115 115 116 89 142 141 97 98 97 98 184 224 103 103 103 103 103 103 103 103 103 103 103 103 103 103 103 103 
103 103 103 103 103 103 103 103 103 103 103 103 103 103 103 103 103 103 103 103 103 103 103 103 103 103 103 103 103 103 103 103 103 103 103 103 103 103 103 103 103 103 103 103 103 103 103 103 103 103 103 103 103 103 103 103 103 103 103 103 103 103 103 103 103 103 103 103 103 103 103 103 103 103 103 103 103 103 103 103 103 103 103 103 103 103 103 103 103 103 103 103 103 103 103 103 247 139 144 120 121 143 144 19 20 89 165 166 165 96 69 70 72 224 103 103 103 103 103 103 103 103 103 103 103 103 103 103 103 103 
103 103 103 103 103 103 103 103 103 103 103 103 103 103 103 103 103 103 103 103 103 103 103 103 103 103 103 103 103 103 103 103 103 103 103 103 103 103 103 103 103 103 103 103 103 103 103 103 103 103 103 103 103 103 103 103 103 103 103 103 103 103 103 103 103 103 103 103 103 103 103 103 103 103 103 103 103 103 103 103 103 103 103 103 103 103 103 103 103 103 103 103 103 103 103 103 247 208 97 98 97 98 142 21 22 89 142 141 97 98 161 93 95 224 103 103 103 103 103 103 103 103 103 103 103 103 103 103 103 103 
103 103 103 103 103 103 103 103 103 103 103 103 103 103 103 103 103 103 103 103 103 103 103 103 103 103 103 103 103 103 103 103 103 103 103 103 103 103 103 103 103 103 103 103 103 103 103 103 103 103 103 103 103 103 103 103 103 103 103 103 103 103 103 103 103 103 103 103 103 103 103 103 103 103 103 103 103 103 103 103 103 103 103 103 103 103 103 103 103 103 103 103 103 103 103 103 247 116 96 97 98 164 165 15 18 89 96 164 165 166 184 115 115 224 103 103 103 103 103 103 103 103 103 103 103 103 103 103 103 103 
103 103 103 103 103 103 103 103 103 103 103 103 103 103 103 103 103 103 103 103 103 103 103 103 103 103 103 103 103 103 103 103 103 103 103 103 103 103 103 103 103 103 103 103 103 103 103 103 103 103 103 103 103 103 103 103 103 103 103 103 103 103 103 103 103 103 103 103 103 103 103 103 103 103 103 103 103 103 103 103 103 103 103 103 103 103 103 103 103 103 103 103 103 103 103 103 247 139 97 98 140 141 142 38 40 88 42 125 42 171 207 138 138 224 103 103 103 103 103 103 103 103 103 103 103 103 103 103 103 103 
103 103 103 103 103 103 103 103 103 103 103 103 103 103 103 103 103 103 103 103 103 103 103 103 103 103 103 103 103 103 103 103 103 103 103 103 103 103 103 103 103 103 103 103 103 103 103 103 103 103 103 103 103 103 103 103 103 103 103 103 103 103 103 103 103 103 103 103 103 103 103 103 103 103 103 103 103 103 103 103 103 103 103 103 103 103 103 103 103 103 103 103 103 103 103 103 247 232 69 70 69 70 aaa 61 64 89 aaa 166 165 166 144 143 230 224 103 103 103 103 103 103 103 103 103 103 103 103 103 103 103 103 
103 103 103 103 103 103 103 103 103 103 103 103 103 103 103 103 103 103 103 103 103 103 103 103 103 103 103 103 103 103 103 103 103 103 103 103 103 103 103 103 103 103 103 103 103 103 103 103 103 103 103 103 103 103 103 103 103 103 103 103 103 103 103 103 103 103 103 103 103 103 103 103 103 103 103 103 103 103 103 103 103 103 103 103 103 103 103 103 103 103 103 103 103 103 103 103 247 115 aaa aaa aaa aaa 97 21 22 89 97 98 97 98 97 98 184 224 103 103 103 103 103 103 103 103 103 103 103 103 103 103 103 103 
103 103 103 103 103 103 103 103 103 103 103 103 103 103 103 103 103 103 103 103 103 103 103 103 103 103 103 103 103 103 103 103 103 103 103 103 103 103 103 103 103 103 103 103 103 103 103 103 103 103 103 103 103 103 103 103 103 103 103 103 103 103 103 103 103 103 103 103 103 103 103 103 103 103 103 103 103 103 103 103 103 103 103 103 103 103 103 103 103 103 103 103 103 103 103 103 247 138 aaa aaa aaa aaa aaa 21 22 69 70 164 165 97 98 96 207 224 103 103 103 103 103 103 103 103 103 103 103 103 103 103 103 103 
103 103 103 103 103 103 103 103 103 103 103 103 103 103 103 103 103 103 103 103 103 103 103 103 103 103 103 103 103 103 103 103 103 103 103 103 103 103 103 103 103 103 103 103 103 103 103 103 103 103 103 103 103 103 103 103 103 103 103 103 103 103 103 103 103 103 103 103 103 103 103 103 103 103 103 103 103 103 103 103 103 103 103 103 103 103 103 103 103 103 103 103 103 103 103 103 247 208 187 185 185 103 103 69 70 71 74 96 97 98 97 98 230 224 103 103 103 103 103 103 103 103 103 103 103 103 103 103 103 103 
103 103 103 103 103 103 103 103 103 103 103 103 103 103 103 103 103 103 103 103 103 103 103 103 103 103 103 103 103 103 103 103 103 103 103 103 103 103 103 103 103 103 103 103 103 103 103 103 103 103 103 103 103 103 103 103 103 103 103 103 103 103 103 103 103 103 103 103 103 103 103 103 103 103 103 103 103 103 103 103 103 103 103 103 103 103 103 103 103 103 103 103 103 103 103 103 247 116 162 69 70 69 70 71 aaa 49 116 164 165 97 98 164 184 224 103 103 103 103 103 103 103 103 103 103 103 103 103 103 103 103 
103 103 103 103 103 103 103 103 103 103 103 103 103 103 103 103 103 103 103 103 103 103 103 103 103 103 103 103 103 103 103 103 103 103 103 103 103 103 103 103 103 103 103 103 103 103 103 103 103 103 103 103 103 103 103 103 103 103 103 103 103 103 103 103 103 103 103 103 103 103 103 103 103 103 103 103 103 103 103 103 103 103 103 103 103 103 103 103 103 103 103 103 103 103 103 103 247 139 162 aaa aaa aaa aaa aaa 138 138 139 163 163 163 163 163 207 aaa 223 223 223 223 223 223 223 223 223 223 223 223 223 223 223 103 
103 103 103 103 103 103 103 103 103 103 103 103 103 103 103 103 103 103 103 103 103 103 103 103 103 103 103 103 103 103 103 103 103 103 103 103 103 103 103 103 103 103 103 103 103 103 103 103 103 103 103 103 103 103 103 103 103 103 103 103 103 103 103 103 103 103 103 103 103 103 103 103 103 103 103 103 103 103 103 103 103 103 103 103 103 103 103 103 103 103 103 103 103 103 103 103 247 208 162 230 232 232 232 232 232 232 232 232 232 232 232 232 232 232 232 232 232 232 232 232 232 232 232 232 232 232 232 232 232 224 
103 103 103 103 103 103 103 103 103 103 103 103 103 103 103 103 103 103 103 103 103 103 103 103 103 103 103 103 103 103 103 103 103 103 103 103 103 103 103 103 103 103 103 103 103 103 103 103 103 103 103 103 103 103 103 103 103 103 103 103 103 103 103 103 103 103 103 103 103 103 103 103 103 103 103 103 103 103 103 103 103 103 103 103 103 103 103 103 103 103 103 103 103 103 103 103 247 116 162 184 115 115 115 115 115 115 115 115 115 115 115 115 115 115 115 115 115 115 115 115 115 115 115 115 115 115 115 115 115 224 
103 103 103 103 103 103 103 103 103 103 103 103 103 103 103 103 103 103 103 103 103 103 103 103 103 103 103 103 103 103 103 103 103 103 103 103 103 103 103 103 103 103 103 103 103 103 103 103 103 103 103 103 103 103 103 103 103 103 103 103 103 103 103 103 103 103 103 103 103 103 103 103 103 103 103 103 103 103 103 103 103 103 103 103 103 103 103 103 103 103 103 103 103 103 103 103 247 139 103 231 144 143 144 143 144 143 19 20 144 143 132 143 144 19 20 143 144 143 144 120 121 120 121 120 121 120 121 143 207 224 
103 103 103 103 103 103 103 103 103 103 103 103 103 103 103 103 103 103 103 103 103 103 103 103 103 103 103 103 103 103 103 103 103 103 103 103 103 103 103 103 103 103 103 103 103 103 103 103 103 103 103 103 103 103 103 103 103 103 103 103 103 103 103 103 103 103 103 103 103 103 103 103 103 103 103 103 103 103 103 103 103 103 103 103 103 103 103 103 103 103 103 103 103 103 103 103 247 208 103 167 142 141 142 141 96 189 21 22 142 141 132 141 142 21 22 141 142 141 142 141 97 98 97 98 97 98 97 98 230 224 
103 103 103 103 103 103 103 103 103 103 103 103 103 103 103 103 103 103 103 103 103 103 103 103 103 103 103 103 103 103 103 103 103 103 103 103 103 103 103 103 103 103 103 103 103 103 103 103 103 103 103 103 103 103 103 103 103 103 103 103 103 103 103 103 103 103 103 103 103 103 103 103 103 103 103 103 103 103 103 103 103 103 103 103 103 103 103 103 103 103 103 103 103 103 103 103 247 116 aaa 166 165 97 98 164 165 166 21 22 165 166 132 166 165 21 22 166 165 166 165 97 98 97 98 189 165 97 98 189 184 224 
103 103 103 103 103 103 103 103 103 103 103 103 103 103 103 103 103 103 103 103 103 103 103 103 103 103 103 103 103 103 103 103 103 103 103 103 103 103 103 103 103 103 103 103 103 103 103 103 103 103 103 103 103 103 103 103 103 103 103 103 103 103 103 103 103 103 103 103 103 103 103 103 103 103 103 103 103 103 103 103 103 103 103 103 103 103 103 103 103 103 103 103 103 103 103 103 247 138 69 70 69 70 97 98 188 141 21 22 175 176 132 141 142 21 22 141 97 98 97 98 140 141 97 98 188 141 69 70 72 224 
103 103 103 103 103 103 103 103 103 103 103 103 103 103 103 103 103 103 103 103 103 103 103 103 103 103 103 103 103 103 103 103 103 103 103 103 103 103 103 103 103 103 103 103 103 103 103 103 103 103 103 103 103 103 103 103 103 103 103 103 103 103 103 103 103 103 103 103 103 103 103 103 103 103 103 103 103 103 103 103 103 103 103 103 103 103 103 103 103 103 103 103 103 103 103 103 247 232 92 93 94 74 96 164 165 166 15 18 198 199 132 108 aaa 16 18 166 165 166 165 97 98 97 98 96 69 70 71 93 95 224 
103 103 103 103 103 103 103 103 103 103 103 103 103 103 103 103 103 103 103 103 103 103 103 103 103 103 103 103 103 103 103 103 103 103 103 103 103 103 103 103 103 103 103 103 103 103 103 103 103 103 103 103 103 103 103 103 103 103 103 103 103 103 103 103 103 103 103 103 103 103 103 103 103 103 103 103 103 103 103 103 103 103 103 103 103 103 103 103 103 103 103 103 103 103 103 103 247 115 115 115 115 116 125 42 43 125 39 40 171 42 133 125 42 39 41 141 142 141 97 98 97 98 140 141 73 aaa 49 115 115 224 
103 103 103 103 103 103 103 103 103 103 103 103 103 103 103 103 103 103 103 103 103 103 103 103 103 103 103 103 103 103 103 103 103 103 103 103 103 103 103 103 103 103 103 103 103 103 103 103 103 103 103 103 103 103 103 103 103 103 103 103 103 103 103 103 103 103 103 103 103 103 103 103 103 103 103 103 103 103 103 103 103 103 103 103 103 103 103 103 103 103 103 103 103 103 103 103 247 139 144 143 144 143 aaa 97 98 164 61 64 165 166 132 166 165 173 174 97 98 97 98 97 98 97 98 189 aaa aaa aaa aaa 138 224 
103 103 103 103 103 103 103 103 103 103 103 103 103 103 103 103 103 103 103 103 103 103 103 103 103 103 103 103 103 103 103 103 103 103 103 103 103 103 103 103 103 103 103 103 103 103 103 103 103 103 103 103 103 103 103 103 103 103 103 103 103 103 103 103 103 103 103 103 103 103 103 103 103 103 103 103 103 103 103 103 103 103 103 103 103 103 103 103 103 103 103 103 103 103 103 103 247 208 188 141 97 98 97 98 140 141 21 22 188 141 132 141 172 196 197 141 96 69 70 189 97 98 140 103 103 185 185 186 230 224 
103 103 103 103 103 103 103 103 103 103 103 103 103 103 103 103 103 103 103 103 103 103 103 103 103 103 103 103 103 103 103 103 103 103 103 103 103 103 103 103 103 103 103 103 103 103 103 103 103 103 103 103 103 103 103 103 103 103 103 103 103 103 103 103 103 103 103 103 103 103 103 103 103 103 103 103 103 103 103 103 103 103 103 103 103 103 103 103 103 103 103 103 103 103 103 103 247 116 aaa 166 165 97 98 164 165 166 21 22 aaa 166 132 166 165 65 66 166 165 73 aaa 69 70 69 70 69 70 69 70 162 184 224 
103 103 103 103 103 103 103 103 103 103 103 103 103 103 103 103 103 103 103 103 103 103 103 103 103 103 103 103 103 103 103 103 103 103 103 103 103 103 103 103 103 103 103 103 103 103 103 103 103 103 103 103 103 103 103 103 103 103 103 103 103 103 103 103 103 103 103 103 103 103 103 103 103 103 103 103 103 103 103 103 103 103 103 103 103 103 103 103 103 103 103 103 103 103 103 103 247 139 163 163 163 163 163 163 163 163 163 163 163 163 163 163 163 163 163 163 163 207 138 aaa aaa aaa aaa aaa aaa aaa aaa 162 207 224 
103 103 103 103 103 103 103 103 103 103 103 103 103 103 103 103 103 103 103 103 103 103 103 103 103 103 103 103 103 103 103 103 103 103 103 103 103 103 103 103 103 103 103 103 103 103 103 103 103 103 103 103 103 103 103 103 103 103 103 103 103 103 103 103 103 103 103 103 103 103 103 103 103 103 103 103 103 103 103 103 103 103 103 103 103 103 103 103 103 103 103 103 103 103 103 103 103 246 246 246 246 246 246 246 246 246 246 246 246 246 246 246 aaa 232 232 232 232 232 232 232 232 232 232 232 232 232 208 162 230 224 
103 103 103 103 103 103 103 103 103 103 103 103 103 103 103 103 103 103 103 103 103 103 103 103 103 103 103 103 103 103 103 103 103 103 103 103 103 103 103 103 103 103 103 103 103 103 103 103 103 103 103 103 103 103 103 103 103 103 103 103 103 103 103 103 103 103 103 103 103 103 103 103 103 103 103 103 103 103 103 103 103 103 103 103 103 103 103 103 103 103 103 103 103 103 103 103 103 103 103 103 103 103 103 103 103 103 103 103 103 103 103 103 247 115 115 115 115 115 115 115 115 115 115 115 115 115 116 162 184 224 
103 103 103 103 103 103 103 103 103 103 103 103 103 103 103 103 103 103 103 103 103 103 103 103 103 103 103 103 103 103 103 103 103 103 103 103 103 103 103 103 103 103 103 103 103 103 103 103 103 103 103 103 103 103 103 103 103 103 103 103 103 103 103 103 103 103 103 103 103 103 103 103 103 103 103 103 103 103 103 103 103 103 103 103 103 103 103 103 103 103 103 103 103 103 103 103 103 103 103 103 103 103 103 103 103 103 103 103 103 103 103 103 247 139 144 143 19 20 144 120 121 120 121 120 121 207 139 103 207 224 
103 103 103 103 103 103 103 103 103 103 103 103 103 103 103 103 103 103 103 103 103 103 103 103 103 103 103 103 103 103 103 103 103 103 103 103 103 103 103 103 103 103 103 103 103 103 103 103 103 103 103 103 103 103 103 103 103 103 103 103 103 103 103 103 103 103 103 103 103 103 103 103 103 103 103 103 103 103 103 103 103 103 103 103 103 103 103 103 103 103 103 103 103 103 103 103 103 103 103 103 103 103 103 103 103 103 103 103 103 103 103 103 247 208 188 141 21 22 188 141 142 141 97 98 140 167 168 103 230 224 
103 103 103 103 103 103 103 103 103 103 103 103 103 103 103 103 103 103 103 103 103 103 103 103 103 103 103 103 103 103 103 103 103 103 103 103 103 103 103 103 103 103 103 103 103 103 103 103 103 103 103 103 103 103 103 103 103 103 103 103 103 103 103 103 103 103 103 103 103 103 103 103 103 103 103 103 103 103 103 103 103 103 103 103 103 103 103 103 103 103 103 103 103 103 103 103 103 103 103 103 103 103 103 103 103 103 103 103 103 103 103 103 247 116 aaa 166 21 22 aaa 166 165 97 98 97 98 164 165 166 184 224 
103 103 103 103 103 103 103 103 103 103 103 103 103 103 103 103 103 103 103 103 103 103 103 103 103 103 103 103 103 103 103 103 103 103 103 103 103 103 103 103 103 103 103 103 103 103 103 103 103 103 103 103 103 103 103 103 103 103 103 103 103 103 103 103 103 103 103 103 103 103 103 103 103 103 103 103 103 103 103 103 103 103 103 103 103 103 103 103 103 103 103 103 103 103 103 103 103 103 103 103 103 103 103 103 103 103 103 103 103 103 103 103 247 139 108 215 16 18 188 141 142 141 142 141 69 70 69 70 72 224 
103 103 103 103 103 103 103 103 103 103 103 103 103 103 103 103 103 103 103 103 103 103 103 103 103 103 103 103 103 103 103 103 103 103 103 103 103 103 103 103 103 103 103 103 103 103 103 103 103 103 103 103 103 103 103 103 103 103 103 103 103 103 103 103 103 103 103 103 103 103 103 103 103 103 103 103 103 103 103 103 103 103 103 103 103 103 103 103 103 103 103 103 103 103 103 103 103 103 103 103 103 103 103 103 103 103 103 103 103 103 103 103 247 208 43 43 39 40 43 171 42 43 171 42 161 93 94 93 95 224 
103 103 103 103 103 103 103 103 103 103 103 103 103 103 103 103 103 103 103 103 103 103 103 103 103 103 103 103 103 103 103 103 103 103 103 103 103 103 103 103 103 103 103 103 103 103 103 103 103 103 103 103 103 103 103 103 103 103 103 103 103 103 103 103 103 103 103 103 103 103 103 103 103 103 103 103 103 103 103 103 103 103 103 103 103 103 103 103 103 103 103 103 103 103 103 103 103 103 103 103 103 103 103 103 103 103 103 103 103 103 103 103 247 116 85 216 62 64 168 167 168 167 168 167 184 115 115 115 115 224 
103 103 103 103 103 103 103 103 103 103 103 103 103 103 103 103 103 103 103 103 103 103 103 103 103 103 103 103 103 103 103 103 103 103 103 103 103 103 103 103 103 103 103 103 103 103 103 103 103 103 103 103 103 103 103 103 103 103 103 103 103 103 103 103 103 103 103 103 103 103 103 103 103 103 103 103 103 103 103 103 103 103 103 103 103 103 103 103 103 103 103 103 103 103 103 103 103 103 103 103 103 103 103 103 103 103 103 103 103 103 103 103 247 139 aaa 166 173 174 aaa 166 165 166 165 166 144 120 121 119 207 224 
103 103 103 103 103 103 103 103 103 103 103 103 103 103 103 103 103 103 103 103 103 103 103 103 103 103 103 103 103 103 103 103 103 103 103 103 103 103 103 103 103 103 103 103 103 103 103 103 103 103 103 103 103 103 103 103 103 103 103 103 103 103 103 103 103 103 103 103 103 103 103 103 103 103 103 103 103 103 103 103 103 103 103 103 103 103 103 103 103 103 103 103 103 103 103 103 103 103 103 103 103 103 103 103 103 103 103 103 103 103 103 103 247 208 188 172 196 197 188 141 142 141 97 98 140 aaa 97 98 230 224 
103 103 103 103 103 103 103 103 103 103 103 103 103 103 103 103 103 103 103 103 103 103 103 103 103 103 103 103 103 103 103 103 103 103 103 103 103 103 103 103 103 103 103 103 103 103 103 103 103 103 103 103 103 103 103 103 103 103 103 103 103 103 103 103 103 103 103 103 103 103 103 103 103 103 103 103 103 103 103 103 103 103 103 103 103 103 103 103 103 103 103 103 103 103 103 103 103 103 103 103 103 103 103 103 103 103 103 103 103 103 103 103 247 116 aaa 166 65 66 aaa 166 165 97 98 97 98 211 100 96 184 224 
103 103 103 103 103 103 103 103 103 103 103 103 103 103 103 103 103 103 103 103 103 103 103 103 103 103 103 103 103 103 103 103 103 103 103 103 103 103 103 103 103 103 103 103 103 103 103 103 103 103 103 103 103 103 103 103 103 103 103 103 103 103 103 103 103 103 103 103 103 103 103 103 103 103 103 103 103 103 103 103 103 103 103 103 103 103 103 103 103 103 103 103 103 103 103 103 103 103 103 103 103 103 103 103 103 103 103 103 103 103 103 103 247 69 70 141 21 22 188 141 142 141 142 141 97 123 145 98 207 224 
103 103 103 103 103 103 103 103 103 103 103 103 103 103 103 103 103 103 103 103 103 103 103 103 103 103 103 103 103 103 103 103 103 103 103 103 103 103 103 103 103 103 103 103 103 103 103 103 103 103 103 103 103 103 103 103 103 103 103 103 103 103 103 103 103 103 103 103 103 103 103 103 103 103 103 103 103 103 103 103 103 103 103 103 103 103 103 103 103 103 103 103 103 103 103 103 103 103 103 103 103 103 103 103 103 103 103 103 103 103 103 103 247 92 74 164 21 22 aaa 166 165 166 165 97 98 97 98 96 230 224 
103 103 103 103 103 103 103 103 103 103 103 103 103 103 103 103 103 103 103 103 103 103 103 103 103 103 103 103 103 103 103 103 103 103 103 103 103 103 103 103 103 103 103 103 103 103 103 103 103 103 103 103 103 103 103 103 103 103 103 103 103 103 103 103 103 103 103 103 103 103 103 103 103 103 103 103 103 103 103 103 103 103 103 103 103 103 103 103 103 103 103 103 103 103 103 103 103 103 103 103 103 103 103 103 103 103 103 103 103 103 103 103 247 115 116 141 21 22 188 141 142 141 97 98 97 98 97 98 184 224 
103 103 103 103 103 103 103 103 103 103 103 103 103 103 103 103 103 103 103 103 103 103 103 103 103 103 103 103 103 103 103 103 103 103 103 103 103 103 103 103 103 103 103 103 103 103 103 103 103 103 103 103 103 103 103 103 103 103 103 103 103 103 103 103 103 103 103 103 103 103 103 103 103 103 103 103 103 103 103 103 103 103 103 103 103 103 103 103 103 103 103 103 103 103 103 103 103 103 103 103 103 103 103 103 103 103 103 103 103 103 103 103 247 138 69 70 69 70 aaa 166 165 166 165 166 165 97 98 96 207 224 
103 103 103 103 103 103 103 103 103 103 103 103 103 103 103 103 103 103 103 103 103 103 103 103 103 103 103 103 103 103 103 103 103 103 103 103 103 103 103 103 103 103 103 103 103 103 103 103 103 103 103 103 103 103 103 103 103 103 103 103 103 103 103 103 103 103 103 103 103 103 103 103 103 103 103 103 103 103 103 103 103 103 103 103 103 103 103 103 103 103 103 103 103 103 103 103 103 103 103 103 103 103 103 103 103 103 103 103 103 103 103 103 247 232 92 93 94 74 188 141 97 98 140 141 97 98 97 98 230 224 
103 103 103 103 103 103 103 103 103 103 103 103 103 103 103 103 103 103 103 103 103 103 103 103 103 103 103 103 103 103 103 103 103 103 103 103 103 103 103 103 103 103 103 103 103 103 103 103 103 103 103 103 103 103 103 103 103 103 103 103 103 103 103 103 103 103 103 103 103 103 103 103 103 103 103 103 103 103 103 103 103 103 103 103 103 103 103 103 103 103 103 103 103 103 103 103 103 103 103 103 103 103 103 103 103 103 103 103 103 103 103 103 247 115 115 115 115 116 aaa 97 98 97 98 164 165 97 98 164 184 224 
103 103 103 103 103 103 103 103 103 103 103 103 103 103 103 103 103 103 103 103 103 103 103 103 103 103 103 103 103 103 103 103 103 103 103 103 103 103 103 103 103 103 103 103 103 103 103 103 103 103 103 103 103 103 103 103 103 103 103 103 103 103 103 103 103 103 103 103 103 103 103 103 103 103 103 103 103 103 103 103 103 103 103 103 103 103 103 103 103 103 103 103 103 103 103 103 103 103 103 103 103 103 103 103 103 103 103 103 103 103 103 103 247 139 120 121 168 167 97 211 aaa 98 140 141 142 141 69 70 72 224 
103 103 103 103 103 103 103 103 103 103 103 103 103 103 103 103 103 103 103 103 103 103 103 103 103 103 103 103 103 103 103 103 103 103 103 103 103 103 103 103 103 103 103 103 103 103 103 103 103 103 103 103 103 103 103 103 103 103 103 103 103 103 103 103 103 103 103 103 103 103 103 103 103 103 103 103 103 103 103 103 103 103 103 103 103 103 103 103 103 103 103 103 103 103 103 103 103 103 103 103 103 103 103 103 103 103 103 103 103 103 103 103 247 208 96 97 98 164 165 122 211 aaa 98 164 69 70 71 93 95 224 
103 103 103 103 103 103 103 103 103 103 103 103 103 103 103 103 103 103 103 103 103 103 103 103 103 103 103 103 103 103 103 103 103 103 103 103 103 103 103 103 103 103 103 103 103 103 103 103 103 103 103 103 103 103 103 103 103 103 103 103 103 103 103 103 103 103 103 103 103 103 103 103 103 103 103 103 103 103 103 103 103 103 103 103 103 103 103 103 103 103 103 103 103 103 103 103 103 103 103 103 103 103 103 103 103 103 103 103 103 103 103 103 247 116 97 98 97 98 97 98 140 211 140 141 73 aaa 49 115 115 224 
103 103 103 103 103 103 103 103 103 103 103 103 103 103 103 103 103 103 103 103 103 103 103 103 103 103 103 103 103 103 103 103 103 103 103 103 103 103 103 103 103 103 103 103 103 103 103 103 103 103 103 103 103 103 103 103 103 103 103 103 103 103 103 103 103 103 103 103 103 103 103 103 103 103 103 103 103 103 103 103 103 103 103 103 103 103 103 103 103 103 103 103 103 103 103 103 103 103 103 103 103 103 103 103 103 103 103 103 103 103 103 103 247 139 96 164 165 166 165 166 165 143 aaa 166 aaa aaa aaa aaa 138 224 
103 103 103 103 103 103 103 103 103 103 103 103 103 103 103 103 103 103 103 103 103 103 103 103 103 103 103 103 103 103 103 103 103 103 103 103 103 103 103 103 103 103 103 103 103 103 103 103 103 103 103 103 103 103 103 103 103 103 103 103 103 103 103 103 103 103 103 103 103 103 103 103 103 103 103 103 103 103 103 103 103 103 103 103 103 103 103 103 103 103 103 103 103 103 103 103 103 103 103 103 103 103 103 103 103 103 103 103 103 103 103 103 247 208 97 98 140 141 142 141 142 141 142 103 103 185 185 186 230 224 
103 103 103 103 103 103 103 103 103 103 103 103 103 103 103 103 103 103 103 103 103 103 103 103 103 103 103 103 103 103 103 103 103 103 103 103 103 103 103 103 103 103 103 103 103 103 103 103 103 103 103 103 103 103 103 103 103 103 103 103 103 103 103 103 103 103 103 103 103 103 103 103 103 103 103 103 103 103 103 103 103 103 103 103 103 103 103 103 103 103 103 103 103 103 103 103 103 103 103 103 103 103 103 103 103 103 103 103 103 103 103 103 247 116 aaa 166 165 166 165 166 165 166 165 69 70 69 70 162 184 224 
103 223 223 223 223 223 223 223 223 223 223 223 223 223 223 223 223 223 223 223 223 223 223 223 223 223 223 223 223 223 223 223 223 223 223 223 223 223 223 223 223 223 223 223 223 223 223 223 223 223 223 223 223 223 223 223 223 223 223 223 223 223 223 223 223 223 223 223 223 223 223 223 223 223 223 223 223 223 223 223 223 223 223 223 223 223 223 223 223 223 223 223 223 223 223 223 223 223 223 223 223 223 223 223 223 223 223 223 223 223 223 223 aaa 139 163 163 163 163 163 163 163 163 163 aaa aaa aaa aaa 162 207 224 
247 54 54 54 54 54 54 54 54 54 54 54 54 54 54 54 54 54 54 54 54 54 54 54 54 54 54 54 54 54 54 54 54 54 54 54 54 54 54 54 54 54 54 54 54 54 54 54 54 54 54 54 54 54 54 54 54 54 54 54 54 54 54 54 54 54 54 54 54 54 54 54 54 54 54 54 54 54 54 54 54 54 54 54 54 54 54 54 54 54 54 54 54 101 56 36 37 232 232 232 232 232 232 232 232 232 232 232 232 232 232 232 232 232 232 232 232 232 232 232 232 232 232 232 232 232 208 162 230 224 
247 54 54 54 54 54 54 54 54 54 54 54 54 54 54 54 54 54 54 54 54 54 54 54 54 54 54 54 54 54 54 54 54 54 54 54 54 54 54 54 54 54 54 54 54 54 54 54 54 54 54 54 54 54 54 54 54 54 54 54 54 54 54 54 54 54 54 54 54 54 54 54 54 54 54 54 54 54 54 54 54 54 54 54 54 54 54 54 54 54 54 54 54 101 56 36 37 115 115 115 115 115 115 115 115 115 115 115 115 115 115 115 115 115 115 115 115 115 115 115 115 115 115 115 115 115 116 162 184 224 
247 54 54 54 54 54 54 54 54 54 54 54 54 54 54 54 54 54 54 54 54 54 54 54 54 54 54 54 54 54 54 54 54 54 54 54 54 54 54 54 54 54 54 54 54 54 54 54 54 54 54 54 54 54 54 54 54 54 54 54 54 54 54 54 54 54 54 54 54 54 54 54 54 54 54 54 54 54 54 54 54 54 54 54 54 54 54 54 54 54 54 54 54 101 56 36 37 116 119 120 121 120 121 120 121 120 121 120 121 120 121 120 121 143 144 143 144 120 121 120 121 143 144 120 121 207 139 103 207 224 
247 54 54 54 54 54 54 54 54 54 54 54 54 54 54 54 54 54 54 54 54 54 54 54 54 54 54 54 54 54 54 54 54 54 54 54 54 54 54 54 54 54 54 54 54 54 54 54 54 54 54 54 54 54 54 54 54 54 54 54 54 54 54 54 54 54 54 54 54 54 54 54 54 54 54 54 54 54 54 54 54 54 54 54 54 54 54 54 54 54 54 54 54 101 56 57 58 139 97 98 140 141 97 98 97 98 97 98 97 98 97 98 140 141 97 98 97 98 97 98 97 98 97 98 97 167 aaa 103 230 224 
247 10 13 54 54 54 54 11 12 13 54 54 54 54 54 10 13 10 33 34 35 54 54 11 12 54 54 54 54 54 54 10 13 54 10 33 34 35 13 54 54 54 54 10 33 34 35 13 54 54 54 10 13 54 54 54 54 54 54 11 12 54 54 54 54 10 13 54 54 54 54 54 54 54 54 54 33 34 35 13 54 10 11 12 13 54 54 54 54 54 54 54 54 101 79 80 103 120 98 97 98 164 165 97 98 97 98 97 98 164 165 97 98 97 98 164 165 97 98 97 98 97 98 164 165 166 aaa 166 184 224 
247 54 54 10 11 12 13 54 54 54 10 33 34 35 13 54 54 54 54 10 11 12 13 54 54 54 10 33 34 35 13 54 54 11 12 54 54 54 54 10 11 12 13 54 54 54 54 10 11 12 13 54 54 54 10 33 34 35 13 54 54 10 11 12 13 54 54 10 33 34 35 13 54 10 11 12 54 54 54 10 13 54 54 54 11 12 54 10 33 34 35 13 54 101 102 103 103 96 140 141 142 141 97 98 97 98 97 98 aaa aaa 97 98 97 98 97 98 aaa aaa 140 141 97 98 97 98 188 141 69 70 72 224 
247 54 54 54 54 54 54 54 54 54 54 54 54 54 54 54 54 54 54 54 54 54 54 54 54 54 54 54 54 54 54 54 54 54 54 54 54 54 54 54 54 54 54 54 54 54 54 54 54 54 54 54 54 54 54 54 54 54 54 54 54 54 54 54 54 54 54 54 54 54 54 54 54 54 54 54 54 54 54 54 54 54 54 54 54 54 54 54 54 54 54 54 54 101 102 103 103 97 98 164 165 166 165 97 98 164 165 97 aaa aaa 98 164 165 97 98 97 aaa aaa 98 164 165 166 165 97 98 164 161 93 95 224 
247 54 54 54 54 aaa 54 54 54 54 54 54 54 54 54 54 54 54 54 54 54 54 54 54 54 54 54 54 54 54 54 54 54 54 54 54 54 54 54 54 54 54 54 54 54 54 54 54 8 1 1 1 1 1 1 1 1 1 1 3 54 54 54 54 54 54 54 54 54 54 54 54 54 54 54 54 54 54 54 54 54 54 54 54 54 54 54 54 54 54 54 54 54 101 102 103 103 189 97 98 188 141 97 98 97 98 188 141 117 118 140 141 142 141 97 98 117 118 97 98 188 141 97 98 97 98 184 115 115 224 
247 54 54 54 54 aaa aaa 54 54 54 54 54 54 54 54 54 54 54 54 54 54 54 54 54 54 54 54 54 54 54 54 54 54 54 54 54 54 54 54 54 54 54 54 54 54 54 54 8 29 24 47 24 47 24 47 24 47 24 47 aaa 3 54 54 54 54 54 54 54 54 54 54 54 54 54 54 54 54 54 54 54 54 54 54 54 54 8 1 1 1 1 1 1 1 1 1 1 1 69 70 69 70 69 70 69 70 69 70 69 70 69 70 69 70 69 70 69 70 69 70 69 70 69 70 69 70 69 70 72 138 224 
247 1 1 1 1 1 1 1 1 1 1 1 1 1 1 1 1 1 1 1 1 1 1 1 1 1 1 1 1 1 1 1 1 1 1 3 54 54 54 54 54 54 54 54 8 1 1 31 47 24 47 24 47 24 47 24 47 24 47 47 26 4 5 54 54 54 54 6 7 1 1 4 5 54 54 54 aaa aaa 54 54 54 6 7 1 1 31 47 24 47 24 47 24 47 24 47 24 47 92 93 94 93 94 93 94 93 94 93 94 93 94 93 94 93 94 93 94 93 94 93 94 93 94 93 94 93 94 93 95 232 224 
247 24 47 24 47 24 47 24 47 24 47 24 47 24 47 24 47 24 47 24 47 24 47 24 47 24 47 24 47 24 47 24 47 24 47 26 4 5 54 54 54 54 6 7 29 24 47 24 47 24 47 24 47 24 47 24 47 24 47 47 24 27 28 2 54 54 0 52 53 24 47 50 51 2 54 54 0 2 54 54 0 75 30 24 47 24 47 24 47 24 47 24 47 24 47 24 47 115 115 115 115 115 115 115 115 115 115 115 115 115 115 115 115 115 115 115 115 115 115 115 115 115 115 115 115 115 115 115 115 224 
247 24 47 24 47 24 47 24 47 24 47 24 47 24 47 24 47 24 47 24 47 24 47 24 47 24 47 24 47 24 47 24 47 24 47 24 27 28 1 1 1 1 29 30 47 24 47 24 47 24 47 24 47 24 47 24 47 24 47 47 24 47 24 25 55 55 23 24 47 24 47 24 47 48 55 55 23 48 55 55 23 24 47 24 47 24 47 24 47 24 47 24 47 24 47 24 47 138 138 138 138 138 138 138 138 138 138 138 138 138 138 138 138 138 138 138 138 138 138 138 138 138 138 138 138 138 138 138 138 224 
103 246 246 246 246 246 246 246 246 246 246 246 246 246 246 246 246 246 246 246 246 246 246 246 246 246 246 246 246 246 246 246 246 246 246 246 246 246 246 246 246 246 246 246 246 246 246 246 246 246 246 246 246 246 246 246 246 246 246 246 246 246 246 246 246 246 246 246 246 246 246 246 246 246 246 246 246 246 246 246 246 246 246 246 246 246 246 246 246 246 246 246 246 246 246 246 246 246 246 246 246 246 246 246 246 246 246 246 246 246 246 246 246 246 246 246 246 246 246 246 246 246 246 246 246 246 246 246 246 103 

