aaa aaa aaa aaa aaa aaa aaa aaa aaa aaa aaa aaa aaa aaa aaa aaa aaa aaa aaa aaa aaa aaa aaa aaa aaa aaa aaa aaa aaa aaa aaa aaa aaa aaa aaa aaa aaa aaa aaa aaa aaa aaa aaa aaa aaa aaa aaa aaa aaa aaa aaa aaa aaa aaa aaa aaa aaa aaa aaa aaa aaa aaa aaa aaa aaa aaa aaa aaa aaa aaa aaa aaa aaa aaa aaa aaa aaa aaa aaa aaa aaa aaa aaa aaa aaa aaa aaa aaa aaa aaa aaa aaa aaa aaa aaa aaa aaa aaa aaa aaa aaa aaa aaa aaa aaa aaa aaa aaa aaa aaa aaa aaa aaa aaa aaa aaa aaa aaa aaa aaa aaa aaa aaa aaa aaa aaa aaa aaa aaa aaa aaa aaa aaa aaa aaa aaa aaa aaa aaa aaa aaa aaa aaa aaa 
aaa aaa aaa aaa aaa aaa aaa aaa aaa aaa aaa aaa aaa aaa aaa 237 237 237 237 237 237 237 237 237 237 237 237 237 237 237 237 68 69 237 237 237 237 237 237 237 237 237 237 237 237 237 31 32 237 237 237 237 237 237 237 237 237 237 237 237 237 237 31 32 237 237 237 237 237 237 237 237 237 237 237 237 237 237 237 237 237 237 237 237 237 237 237 237 237 237 237 237 237 237 237 237 237 237 237 237 237 237 237 237 237 237 237 237 237 237 237 237 237 237 237 237 237 237 237 237 237 237 237 237 237 237 237 237 237 237 237 237 237 237 237 237 237 237 237 237 237 0 104 aaa 
aaa aaa aaa aaa aaa aaa aaa aaa aaa aaa aaa aaa aaa aaa aaa 237 237 237 237 237 237 237 237 237 237 237 237 237 237 237 237 85 86 237 237 237 237 237 237 237 237 237 237 237 237 237 48 aaa 237 237 237 237 237 237 237 237 237 237 237 237 237 237 48 aaa 237 237 237 237 237 237 237 237 237 237 237 237 237 237 237 237 237 237 237 237 237 237 237 237 237 237 237 237 237 237 237 237 237 237 237 237 237 237 237 237 237 237 237 237 237 237 237 237 237 237 237 237 237 237 237 237 237 237 237 237 237 237 237 237 237 237 237 237 237 237 237 237 237 237 237 237 237 17 121 aaa 
aaa aaa aaa aaa aaa aaa aaa aaa aaa aaa aaa aaa aaa aaa aaa 237 237 237 237 237 237 237 237 237 237 237 237 237 237 237 237 0 104 237 237 146 147 237 237 237 237 237 237 237 237 237 31 32 237 237 237 237 237 237 237 145 146 147 165 237 145 146 14 15 237 237 237 237 145 162 163 164 165 237 237 237 237 237 237 237 237 237 237 237 237 237 237 237 145 162 163 164 165 237 237 237 237 237 237 237 237 237 237 237 237 237 237 237 237 237 237 237 237 237 237 237 237 237 145 146 147 165 237 237 237 237 237 237 145 162 163 164 165 237 237 237 237 237 237 237 237 68 69 aaa 
aaa aaa aaa aaa aaa aaa aaa aaa aaa aaa aaa aaa aaa aaa aaa 237 237 145 165 237 237 237 237 146 147 165 237 237 237 237 237 17 121 237 237 237 237 237 237 237 145 162 163 164 165 237 48 49 237 145 165 237 237 237 237 237 237 237 237 237 237 237 237 237 237 237 237 13 237 237 237 237 237 237 13 237 237 237 237 145 162 163 164 165 237 237 237 237 237 237 237 237 237 237 237 237 146 147 165 237 237 237 237 237 145 146 147 237 237 145 162 163 164 165 237 237 237 237 237 237 237 237 237 146 147 165 237 237 237 237 237 237 237 237 237 237 237 237 145 162 163 85 86 aaa 
aaa aaa aaa aaa aaa aaa aaa aaa aaa aaa aaa aaa aaa aaa aaa 163 164 237 237 145 146 147 165 237 237 237 145 162 163 164 165 68 69 164 165 237 145 146 147 165 237 237 237 237 237 237 237 237 237 237 237 13 145 146 147 237 237 237 13 237 237 237 237 145 165 237 237 30 237 237 237 237 237 237 30 145 146 147 165 237 237 237 13 237 237 145 146 147 237 237 237 237 145 165 237 237 237 237 237 145 162 163 164 165 237 237 237 237 237 237 237 237 237 237 237 145 165 237 237 237 237 237 237 237 237 237 237 237 13 237 237 237 237 237 145 146 147 165 237 237 237 0 104 aaa 
aaa aaa aaa aaa aaa aaa aaa aaa aaa aaa aaa aaa aaa aaa aaa 237 237 237 237 237 237 237 237 237 237 237 237 237 237 237 237 85 86 237 237 237 237 237 237 237 237 237 237 237 237 237 237 237 237 237 237 30 237 237 237 237 237 237 30 237 237 237 31 32 237 237 145 30 147 aaa 237 237 aaa 237 30 237 237 237 237 237 237 237 30 237 237 237 237 237 237 237 237 237 237 237 237 237 237 237 237 237 237 237 237 237 237 237 237 237 237 237 237 237 237 237 237 237 237 237 237 237 237 237 237 237 237 237 237 237 30 237 237 14 15 237 237 237 237 237 237 237 237 17 121 aaa 
aaa aaa aaa aaa aaa aaa aaa aaa aaa aaa aaa aaa aaa aaa aaa 237 237 237 237 237 237 237 237 237 237 237 237 237 237 237 237 0 104 237 237 237 237 237 237 237 237 237 237 237 237 237 237 237 237 237 237 30 237 237 237 237 237 237 30 237 237 237 48 49 237 237 237 30 237 64 65 66 67 237 30 237 237 237 237 237 237 237 30 237 237 237 237 237 237 237 237 237 237 237 237 237 237 237 237 237 237 237 237 aaa aaa aaa aaa 237 237 237 237 237 237 237 237 237 237 237 237 237 237 237 237 237 237 237 237 237 30 237 237 31 32 aaa 237 237 237 237 237 237 237 68 69 aaa 
aaa aaa aaa aaa aaa aaa aaa aaa aaa aaa aaa aaa aaa aaa aaa 237 237 237 237 237 237 237 237 237 237 237 237 237 237 237 237 17 121 237 237 237 237 237 237 237 237 237 237 237 237 237 14 15 237 237 237 30 237 237 237 237 237 237 30 237 237 237 31 32 237 29 46 47 237 81 82 83 84 237 47 237 237 237 237 237 237 237 30 237 237 237 237 237 237 237 31 32 237 237 237 237 237 237 237 237 237 237 237 64 65 66 67 237 237 237 237 237 237 237 237 29 46 237 237 237 237 237 237 237 237 237 237 237 30 237 29 48 49 16 237 237 237 237 237 237 237 85 86 aaa 
aaa aaa aaa aaa aaa aaa aaa aaa aaa aaa aaa aaa aaa aaa aaa 237 237 237 237 237 237 237 237 237 237 237 237 237 237 237 237 68 69 237 237 237 237 237 237 237 237 237 237 237 237 29 31 32 237 aaa aaa aaa 237 237 237 237 237 237 30 237 237 237 48 aaa 14 15 16 14 15 14 15 14 15 14 15 16 237 237 237 237 237 237 47 237 237 237 237 237 31 32 48 49 46 237 237 237 237 237 14 15 237 237 50 81 82 83 84 14 15 237 237 237 237 29 31 32 16 46 237 237 237 237 237 237 aaa 237 237 aaa 47 29 16 14 15 33 237 237 237 237 237 237 237 0 104 aaa 
aaa aaa aaa aaa aaa aaa aaa aaa aaa aaa aaa aaa aaa aaa aaa 237 237 237 237 237 237 237 aaa aaa 237 237 237 237 237 237 237 85 86 237 237 237 237 237 237 237 29 46 29 46 50 16 48 49 46 aaa aaa aaa 29 46 237 237 237 237 47 237 29 46 31 32 16 50 33 50 14 15 31 32 14 15 50 33 237 237 237 237 31 32 16 50 46 237 237 29 48 aaa 50 16 50 237 aaa 237 29 aaa 16 16 237 29 14 15 14 15 50 31 32 46 237 237 237 50 48 49 33 14 15 46 237 237 237 29 64 65 66 67 14 15 33 50 14 15 237 237 237 237 237 237 237 17 121 aaa 
aaa aaa aaa aaa aaa aaa aaa aaa aaa aaa aaa aaa aaa aaa aaa 237 29 46 29 46 237 237 aaa aaa 237 237 237 237 29 46 237 0 104 237 237 237 237 237 237 14 15 14 15 31 32 33 14 15 31 32 50 14 15 31 32 16 50 14 15 31 32 50 48 49 33 14 15 31 32 16 48 49 14 15 31 32 237 29 14 15 48 aaa 33 14 15 31 32 16 50 14 15 33 31 32 64 65 66 67 33 33 31 32 50 14 15 31 32 48 49 16 50 14 15 31 32 50 14 15 50 31 32 16 14 15 81 82 83 84 16 50 31 32 16 14 15 237 237 237 237 0 1 70 69 aaa 
aaa aaa aaa aaa aaa aaa aaa aaa aaa aaa aaa aaa aaa aaa aaa 156 155 156 155 156 155 156 155 156 155 156 155 156 155 156 155 17 121 237 237 237 237 237 237 50 14 15 50 48 49 14 15 50 48 49 14 15 50 48 aaa 33 14 15 50 48 49 14 15 50 14 15 50 48 aaa 33 50 14 15 50 48 49 14 15 50 14 15 50 14 15 50 48 49 33 14 15 14 15 48 aaa 81 82 83 84 14 15 48 49 14 15 50 48 aaa 14 15 33 14 15 50 48 49 14 15 14 15 48 49 33 50 14 15 50 14 15 33 50 48 49 33 50 237 237 237 237 237 17 18 87 86 aaa 
aaa 237 237 237 237 237 237 237 237 237 237 237 237 237 aaa 40 6 40 6 40 6 40 6 40 6 40 6 40 6 40 42 68 69 237 237 237 237 237 237 68 69 0 1 70 69 0 1 70 69 0 1 70 69 0 1 70 69 0 1 70 69 0 1 70 69 0 1 70 69 0 1 70 69 0 1 70 69 0 1 70 69 0 1 70 69 0 1 70 69 0 1 70 69 0 1 70 69 0 1 70 69 0 1 70 69 0 1 70 69 0 1 70 69 0 1 70 69 0 1 70 69 0 1 70 69 0 1 70 69 0 1 70 69 0 237 237 237 237 237 68 69 0 104 aaa 
aaa 237 237 237 aaa aaa 237 237 237 237 237 237 237 237 aaa 19 20 21 23 57 23 57 23 57 23 57 23 57 8 9 237 85 86 237 237 237 237 237 237 85 86 17 18 87 86 17 18 87 86 17 18 87 86 17 18 87 86 17 18 87 86 17 18 87 86 17 18 87 86 17 18 87 86 17 18 87 86 17 18 87 86 17 18 87 86 17 18 87 86 17 18 87 86 17 18 87 86 17 18 87 86 17 18 87 86 17 18 87 86 17 18 87 86 17 18 87 86 17 18 87 86 17 18 87 86 17 18 87 86 17 18 87 86 105 237 237 237 237 237 85 86 34 aaa aaa 
aaa 237 237 237 aaa aaa 237 237 aaa aaa aaa 237 237 237 aaa 237 237 36 37 38 40 6 40 6 40 6 119 42 43 237 237 0 104 237 237 237 237 237 237 0 104 75 74 75 74 75 74 75 74 75 74 75 74 68 69 0 1 70 69 0 104 75 74 75 74 75 74 75 74 75 74 75 74 75 74 75 74 75 74 75 74 75 74 75 74 75 74 75 74 75 74 75 74 68 69 0 104 237 2 3 4 76 77 76 77 76 77 76 77 76 77 0 1 70 69 0 1 70 69 0 1 70 69 0 1 70 69 76 77 76 77 76 11 12 145 146 147 165 122 0 1 51 52 aaa 
aaa 237 237 aaa aaa aaa aaa aaa aaa aaa aaa aaa aaa 237 aaa 237 237 237 237 237 22 23 57 23 57 8 10 237 237 237 237 17 121 237 145 146 147 165 237 17 121 89 90 89 90 89 90 89 90 89 90 89 90 85 86 34 35 87 86 17 121 89 90 89 90 89 90 89 90 89 90 89 90 89 90 89 90 89 90 89 90 89 90 89 90 89 90 89 90 89 90 aaa aaa 85 86 17 121 237 237 237 237 19 20 21 23 57 23 57 23 57 23 17 18 87 86 34 35 87 86 34 35 87 86 34 35 87 86 57 23 57 8 9 237 237 237 237 237 237 139 17 18 87 86 aaa 
aaa 237 aaa aaa aaa aaa aaa aaa aaa aaa aaa aaa aaa 237 aaa 237 237 145 165 237 39 40 6 40 6 7 237 237 237 237 237 68 69 237 237 237 237 237 237 68 69 72 73 68 69 0 1 70 69 0 104 72 73 0 1 51 52 0 1 70 69 72 73 72 73 72 73 72 73 72 73 72 73 72 73 72 73 72 73 72 73 72 73 72 73 72 73 aaa aaa aaa 73 aaa aaa 0 104 68 69 237 145 162 163 164 165 36 37 38 40 6 40 6 40 68 69 0 1 51 52 0 1 51 52 0 1 51 52 0 104 6 40 42 43 145 146 147 237 237 237 237 1 70 69 0 104 aaa 
aaa 237 aaa aaa aaa aaa aaa aaa aaa aaa aaa aaa aaa 237 aaa 237 237 237 237 237 56 57 23 57 119 24 145 146 147 165 237 85 86 237 237 237 237 237 237 85 86 89 90 85 86 34 35 87 86 17 121 90 89 17 18 87 86 17 18 87 86 90 89 90 89 90 89 90 89 90 89 90 89 90 89 90 89 90 89 90 89 90 89 90 aaa aaa aaa 90 89 90 89 90 aaa 17 121 85 86 237 237 237 237 237 237 237 145 165 22 23 57 23 57 85 86 17 18 87 86 17 18 87 86 17 18 87 86 17 121 8 9 237 237 237 237 237 237 237 237 120 18 87 86 34 aaa aaa 
aaa 237 aaa aaa aaa aaa aaa aaa aaa aaa aaa aaa aaa 237 aaa 237 237 237 237 237 5 6 40 6 aaa 41 237 237 237 237 237 0 104 237 237 237 237 145 165 237 237 237 237 0 1 51 52 0 102 103 136 73 72 75 74 75 74 75 74 75 74 73 72 73 72 73 72 73 72 73 72 73 72 73 72 73 72 73 72 73 72 aaa aaa aaa 72 73 72 73 72 73 72 0 1 70 69 0 104 237 237 237 237 237 237 237 237 237 39 40 6 40 6 76 77 aaa 77 76 77 76 77 aaa 77 76 77 76 77 aaa 77 7 237 237 237 237 237 237 237 237 237 68 69 0 1 51 52 aaa 
aaa 237 aaa aaa aaa aaa aaa aaa aaa aaa aaa aaa aaa 237 aaa 237 237 237 237 237 22 23 57 23 57 58 237 237 237 237 237 17 121 237 237 237 237 237 237 237 237 237 237 17 18 87 86 105 92 91 92 89 90 89 90 89 90 89 90 89 90 89 90 89 90 89 90 89 90 89 90 89 90 89 90 89 90 89 aaa aaa aaa 89 90 89 90 89 90 89 90 89 90 17 18 87 86 17 121 237 237 237 237 237 237 237 237 237 56 57 23 57 23 57 23 57 23 57 aaa 57 23 57 23 57 aaa 57 23 57 23 24 237 237 237 237 237 237 237 237 237 85 86 17 18 87 86 aaa 
aaa 237 237 aaa aaa aaa aaa aaa aaa aaa aaa aaa 237 237 aaa 146 147 165 237 237 39 40 119 40 6 7 237 237 237 237 237 68 69 0 1 70 69 237 237 237 237 237 237 68 69 0 104 122 73 0 1 70 69 0 1 70 69 0 1 70 69 72 73 72 73 72 73 72 73 aaa aaa aaa 73 72 73 aaa aaa aaa 73 72 73 72 73 72 73 72 73 72 73 72 73 74 75 0 104 68 69 237 237 237 237 237 237 237 237 237 5 6 40 6 40 68 69 0 1 70 69 0 1 70 69 0 1 70 69 0 104 41 237 237 237 237 237 237 237 68 69 0 1 70 69 0 104 aaa 
aaa 237 237 237 aaa aaa aaa aaa aaa aaa aaa 237 237 237 aaa 237 237 237 237 237 56 57 93 57 23 24 237 237 237 237 237 85 86 34 35 87 86 237 237 237 237 237 237 85 86 17 121 139 89 17 18 87 86 17 18 87 86 34 35 87 86 90 89 90 89 90 89 90 89 90 89 90 aaa aaa aaa 90 89 90 89 90 89 90 89 90 89 90 89 90 89 90 89 90 89 17 121 85 86 237 237 237 237 237 237 237 237 237 22 23 57 23 57 85 86 34 35 87 86 34 35 87 86 34 35 87 86 34 aaa 58 237 237 237 237 237 237 237 85 86 34 35 87 86 34 aaa aaa 
aaa 237 237 237 237 237 aaa aaa aaa 237 237 237 237 237 aaa 237 237 237 237 237 5 6 40 6 40 41 237 237 237 237 237 0 1 51 52 0 1 70 69 0 104 237 237 0 1 70 69 0 72 75 74 0 1 70 69 0 1 51 52 0 104 73 72 73 72 73 119 73 72 73 72 73 72 73 72 73 72 73 72 73 72 73 72 73 72 73 72 73 72 73 72 73 72 68 69 0 104 237 237 0 1 70 69 0 1 70 69 0 104 40 6 0 1 51 52 0 1 51 52 0 1 51 52 0 1 51 52 0 1 70 69 0 1 70 69 0 1 51 52 0 1 51 52 aaa 
aaa aaa aaa aaa aaa aaa aaa aaa aaa aaa aaa aaa aaa aaa aaa 237 237 237 237 237 22 23 57 119 57 58 237 237 237 237 237 17 18 87 86 17 18 87 86 17 121 237 237 17 18 87 86 17 103 136 90 17 18 87 86 17 18 87 86 17 121 89 90 89 90 89 92 89 90 89 90 89 90 89 90 89 90 89 90 89 90 89 90 89 90 89 90 89 90 89 90 89 90 85 86 17 121 237 237 17 18 87 86 17 18 87 86 17 121 57 23 17 18 87 86 17 18 87 86 17 18 87 86 17 18 87 86 17 18 87 86 17 18 87 86 17 18 87 86 17 18 87 86 aaa 
aaa aaa aaa aaa aaa aaa aaa aaa aaa aaa aaa aaa aaa aaa aaa 237 237 237 237 237 39 40 6 aaa 6 7 237 237 237 237 237 68 69 237 237 237 237 237 237 237 237 237 237 68 69 0 1 70 69 0 73 68 69 0 1 70 69 0 1 70 69 72 73 72 73 72 73 72 73 72 73 72 73 72 73 72 73 72 73 72 73 72 73 72 73 72 73 72 73 72 73 72 73 0 104 68 69 237 237 68 69 0 1 70 69 0 1 70 69 40 6 68 69 0 1 70 69 0 1 70 69 0 1 70 69 0 1 70 69 0 1 70 69 0 1 70 69 0 1 70 69 0 104 aaa 
aaa aaa aaa aaa aaa aaa aaa aaa aaa aaa aaa aaa aaa aaa aaa 237 237 237 237 237 56 57 23 57 23 24 237 237 237 237 237 85 86 237 237 237 237 237 237 237 237 237 237 85 86 17 18 87 86 105 89 85 86 17 18 87 86 17 18 87 86 90 89 90 89 90 89 90 89 90 89 90 89 90 89 90 89 90 89 90 89 90 89 90 89 90 89 90 89 90 89 90 89 17 121 85 86 237 237 85 86 17 18 87 86 17 18 87 86 57 23 85 86 17 18 87 86 17 18 87 86 17 18 87 86 17 18 87 86 17 18 87 86 17 18 87 86 17 18 87 86 17 121 aaa 
aaa aaa aaa aaa aaa aaa aaa aaa aaa aaa aaa aaa aaa aaa aaa 237 145 146 147 165 5 6 119 6 40 41 237 237 237 237 237 0 104 237 237 237 237 237 237 145 162 163 164 0 1 70 69 0 1 103 72 75 74 75 122 0 1 70 69 0 104 73 72 73 72 73 72 73 72 73 72 73 72 73 72 73 72 73 72 73 72 73 72 73 72 73 72 73 72 73 72 73 72 68 69 0 104 237 102 103 104 4 76 77 76 77 76 77 76 6 40 77 76 77 76 77 76 77 76 77 76 77 76 77 76 77 76 77 76 77 76 77 76 77 76 77 76 77 76 77 76 68 69 aaa 
aaa aaa aaa aaa aaa aaa aaa aaa aaa aaa aaa aaa aaa aaa aaa 237 237 237 237 237 22 23 94 23 57 58 237 237 237 237 237 17 121 237 237 237 237 237 237 237 237 237 237 17 18 87 86 34 aaa 136 136 120 103 89 139 17 18 87 86 34 121 89 90 89 90 89 90 89 90 89 90 89 90 89 90 89 90 89 90 89 90 89 90 89 90 89 90 89 90 89 90 89 90 85 86 17 121 237 237 120 121 237 19 20 21 23 57 23 57 23 57 23 57 23 57 23 57 23 57 23 57 23 57 23 57 23 57 23 57 23 57 23 57 23 57 23 57 23 57 8 9 85 86 aaa 
aaa aaa aaa aaa aaa aaa aaa aaa aaa aaa aaa aaa aaa aaa aaa 237 237 237 237 237 39 40 6 40 6 63 145 146 147 237 237 237 237 237 237 237 145 165 237 237 237 237 237 68 69 0 1 51 52 0 1 70 69 72 120 137 136 0 1 70 69 72 73 72 73 72 73 72 73 72 73 72 73 72 73 72 73 72 73 72 73 72 73 72 73 72 73 72 73 72 73 72 73 0 104 68 69 237 237 237 237 237 237 237 36 37 38 40 6 40 6 40 6 40 6 68 69 40 6 40 6 0 1 70 69 0 1 70 69 37 38 40 6 40 6 40 6 40 42 43 237 0 104 aaa 
aaa aaa aaa aaa aaa aaa aaa aaa aaa aaa aaa aaa aaa aaa aaa 237 237 237 237 237 56 119 23 57 23 80 28 237 237 237 237 237 237 237 237 237 237 237 237 237 237 237 237 85 86 34 35 87 86 17 18 87 86 90 91 92 91 34 35 87 86 90 89 90 89 90 89 90 89 90 89 90 89 90 89 90 89 90 89 90 89 90 89 90 89 90 89 90 89 90 89 90 89 17 121 85 86 136 237 237 237 237 237 145 146 147 165 22 23 57 23 57 23 57 23 85 86 57 23 57 23 17 18 87 86 17 18 87 86 237 237 22 23 57 23 57 8 9 146 147 165 17 121 aaa 
aaa aaa aaa aaa aaa aaa aaa aaa aaa aaa aaa aaa aaa aaa aaa 237 237 237 237 44 40 aaa 40 6 40 6 45 62 237 237 237 237 237 237 237 237 237 237 237 237 237 237 237 0 1 51 52 0 1 70 69 0 1 70 69 0 72 153 154 136 aaa 73 72 73 72 73 72 73 72 73 72 73 72 73 72 73 72 73 72 73 72 73 72 73 72 73 72 73 72 73 72 73 72 68 69 0 1 70 69 237 237 237 237 237 237 237 237 39 40 6 40 6 40 6 40 0 1 70 69 6 40 77 76 0 1 70 69 0 1 70 69 39 40 6 40 6 7 237 237 237 237 68 69 aaa 
aaa aaa aaa aaa aaa aaa aaa aaa aaa aaa aaa aaa aaa aaa aaa 237 237 237 61 23 57 23 57 119 57 23 57 58 237 237 237 237 237 237 237 237 237 237 237 237 237 237 237 17 18 87 86 17 18 87 86 34 35 87 86 105 90 91 92 91 90 89 90 89 90 89 90 89 90 89 90 89 90 89 90 89 90 89 90 89 90 89 90 89 90 89 90 89 90 89 90 89 90 85 86 17 18 87 86 237 237 237 237 237 237 237 237 56 57 23 57 23 57 23 57 34 35 87 86 23 57 8 9 17 18 87 86 34 35 87 86 56 57 23 57 23 24 237 237 237 237 85 86 aaa 
aaa aaa aaa aaa aaa aaa aaa aaa aaa aaa aaa aaa aaa aaa aaa 237 237 78 6 40 6 40 6 aaa 6 40 6 40 79 237 237 237 237 237 237 237 237 237 237 237 237 0 1 70 69 0 1 70 69 0 1 51 52 0 1 70 69 0 1 70 69 72 73 72 73 72 73 72 73 72 73 72 73 72 73 72 73 72 73 72 73 72 73 72 73 72 73 72 73 72 73 72 73 0 104 68 69 0 1 70 69 237 237 237 237 237 237 5 6 40 6 40 6 0 1 51 52 0 1 70 69 43 237 145 146 0 1 51 52 0 1 70 69 40 6 40 41 237 237 237 237 237 104 aaa 
aaa aaa aaa aaa aaa aaa aaa aaa aaa aaa aaa aaa aaa aaa aaa 53 54 55 23 57 23 57 23 57 23 57 23 57 23 59 60 237 237 237 237 237 237 237 237 237 237 34 35 87 86 17 18 87 86 17 18 87 86 17 18 87 86 34 35 87 86 90 89 aaa 89 90 aaa 90 89 90 89 aaa 89 90 aaa 90 89 90 89 aaa 89 90 aaa 90 89 90 89 aaa 89 90 aaa 90 89 17 121 85 86 17 18 87 86 237 237 237 237 237 237 22 23 57 23 57 23 17 18 87 86 34 35 87 86 237 237 237 237 34 35 87 86 17 18 87 86 57 23 57 58 237 237 237 237 237 138 aaa 
aaa aaa aaa aaa aaa aaa aaa aaa aaa aaa aaa aaa aaa aaa aaa 0 1 70 69 0 1 70 69 0 1 70 69 0 1 70 69 0 1 70 69 0 1 70 69 0 1 51 52 0 1 70 69 0 1 70 69 0 1 70 69 0 1 51 52 0 1 70 69 64 65 66 67 0 1 70 69 64 65 66 67 0 1 70 69 64 65 66 67 0 1 70 69 64 65 66 67 0 1 70 69 0 104 237 237 0 1 70 69 0 1 70 69 0 1 70 69 0 1 70 69 0 1 51 52 0 1 70 69 0 1 51 52 0 1 70 69 0 1 70 69 0 1 70 69 237 237 68 69 aaa 
aaa aaa aaa aaa aaa aaa aaa aaa aaa aaa aaa aaa aaa aaa aaa 17 18 87 86 17 18 87 86 17 18 87 86 17 18 87 86 17 18 87 86 17 18 87 86 17 18 87 86 17 18 87 86 17 18 87 86 17 18 87 86 17 18 87 86 17 18 87 86 81 82 83 84 17 18 87 86 81 82 83 84 17 18 87 86 81 82 83 84 17 18 87 86 81 82 83 84 17 18 87 86 17 121 237 237 17 18 87 86 17 18 87 86 17 18 87 86 17 18 87 86 17 18 87 86 17 18 87 86 17 18 87 86 17 18 87 86 17 18 87 86 17 18 87 86 237 237 85 86 aaa 
aaa aaa aaa aaa aaa aaa aaa aaa aaa aaa aaa aaa aaa aaa aaa 237 237 237 237 237 237 237 237 237 237 237 237 237 237 237 237 237 237 237 237 237 237 237 237 237 237 237 237 237 237 237 237 237 237 237 237 237 237 237 237 237 237 237 237 237 237 237 237 237 237 237 237 237 237 237 237 237 237 237 237 237 237 237 237 237 237 237 237 237 237 237 237 237 237 237 237 237 237 237 237 237 237 237 237 237 237 237 237 237 237 237 237 237 237 237 237 237 237 237 237 237 237 237 237 237 237 237 237 237 237 237 237 237 237 237 237 237 237 237 237 237 237 237 237 237 237 0 104 aaa 
aaa aaa aaa aaa aaa aaa aaa aaa aaa aaa aaa aaa aaa aaa aaa 237 237 237 237 237 237 237 237 237 237 237 237 183 184 185 237 237 237 145 146 147 165 237 237 237 183 184 185 237 237 237 237 237 237 237 237 237 237 237 237 237 237 237 237 237 237 237 237 237 237 237 237 237 237 237 237 237 237 237 237 237 237 237 237 237 237 237 237 237 237 237 237 237 237 237 237 237 237 237 237 237 237 237 237 237 237 237 237 237 237 237 237 237 237 237 237 237 237 237 237 237 237 237 237 237 237 237 237 237 237 237 237 237 237 237 237 237 237 237 237 237 237 237 237 237 237 17 121 aaa 
aaa aaa aaa aaa aaa aaa aaa aaa aaa aaa aaa aaa aaa aaa aaa 237 237 237 237 237 237 237 183 184 185 237 199 200 201 202 203 237 183 184 185 237 237 237 237 199 200 201 202 203 237 237 237 237 237 237 237 237 237 237 145 165 237 237 237 237 237 237 237 237 237 237 237 237 237 237 237 237 237 237 237 237 237 237 165 237 237 237 237 237 237 237 237 237 237 237 237 237 237 237 237 237 237 237 237 237 237 237 237 237 237 237 237 237 237 237 237 237 237 237 237 237 237 237 237 237 237 237 237 237 237 237 237 237 237 237 237 237 237 237 237 237 237 237 237 237 102 71 69 aaa 
aaa aaa aaa aaa aaa aaa aaa aaa aaa aaa aaa aaa aaa aaa aaa 237 145 162 163 164 165 199 200 201 202 203 216 150 151 152 220 199 200 201 202 203 237 145 165 216 150 151 152 220 237 145 162 163 164 165 237 237 237 237 237 237 237 237 145 162 163 164 165 237 145 165 237 237 237 145 162 163 164 165 237 237 237 237 237 237 237 237 145 162 163 164 165 237 237 237 237 145 165 237 145 146 147 165 237 237 237 237 237 237 145 146 147 165 237 146 147 165 237 237 237 162 163 164 165 237 237 237 145 146 147 165 237 237 237 145 162 163 164 165 237 237 237 237 237 165 237 88 86 aaa 
aaa aaa aaa aaa aaa aaa aaa aaa aaa aaa aaa aaa aaa aaa aaa 145 165 237 237 237 237 216 150 151 152 220 237 167 168 169 237 216 150 151 152 220 237 237 237 237 167 168 169 237 237 237 237 237 237 237 237 145 146 147 165 237 237 237 237 237 237 237 237 237 237 237 145 146 147 237 237 237 237 237 145 165 237 145 146 147 165 237 237 237 237 237 237 237 145 146 147 237 237 237 237 237 237 237 146 147 162 163 164 237 237 237 237 237 237 237 237 237 145 146 147 237 237 237 237 237 165 237 237 237 237 237 145 165 237 237 237 237 237 237 145 146 147 237 237 237 aaa 0 104 aaa 
aaa aaa aaa aaa aaa aaa aaa aaa aaa aaa aaa aaa aaa aaa aaa 237 237 237 237 237 237 237 167 168 169 145 146 147 235 145 165 237 167 168 169 237 237 237 237 237 237 235 237 146 147 165 237 237 237 237 237 237 237 237 237 237 237 237 237 237 237 237 237 237 237 237 237 237 237 237 237 237 237 237 237 237 237 237 237 237 237 237 237 237 237 237 237 237 237 237 237 237 237 237 237 237 237 237 237 237 237 237 237 237 237 237 237 237 237 237 237 237 237 237 237 237 237 237 237 237 237 237 237 237 237 237 237 237 237 237 237 237 237 237 237 237 237 237 237 120 103 17 121 aaa 
aaa aaa aaa aaa aaa aaa aaa aaa aaa aaa aaa aaa aaa aaa aaa 237 237 237 237 237 237 237 237 235 237 237 237 237 235 237 237 237 237 235 237 237 237 237 237 237 237 235 237 237 237 237 237 237 237 237 237 237 237 237 237 237 237 237 237 237 237 237 237 237 237 237 237 237 237 237 237 237 237 237 237 237 237 237 237 237 237 237 237 237 237 237 237 237 237 237 237 237 237 237 237 237 237 237 237 237 237 237 237 237 237 237 237 237 237 237 237 237 237 237 237 237 237 237 237 237 237 237 237 237 237 237 237 237 237 237 237 237 237 237 237 237 237 237 237 0 1 70 69 aaa 
aaa aaa aaa aaa aaa aaa aaa aaa aaa aaa aaa aaa aaa aaa aaa 237 237 237 237 237 237 237 237 235 237 237 237 237 235 237 237 237 237 235 237 237 237 237 237 237 237 235 237 237 237 237 237 237 237 237 237 237 237 237 237 237 237 237 237 237 237 237 237 237 237 237 237 237 237 237 237 237 237 237 237 237 237 237 237 237 237 237 237 237 237 237 237 237 237 237 237 237 237 237 237 237 237 237 237 237 237 237 237 237 237 237 237 237 237 237 237 237 237 237 237 237 237 237 237 237 237 237 237 237 237 237 237 237 237 237 237 237 237 237 237 237 237 237 237 34 35 87 86 aaa 
aaa aaa aaa aaa aaa aaa aaa aaa aaa aaa aaa aaa aaa aaa aaa 237 237 237 237 aaa 237 237 237 235 237 237 237 237 235 237 237 237 237 235 237 237 237 237 237 237 237 235 237 237 237 aaa aaa 237 237 237 237 237 237 237 237 237 237 237 237 237 237 237 237 237 237 237 237 237 237 237 98 99 237 237 237 237 237 237 237 237 237 237 98 99 237 237 237 237 237 237 237 237 237 237 98 99 237 237 237 237 237 237 237 237 237 237 98 99 237 237 237 237 237 237 237 237 237 237 98 99 237 237 237 237 237 237 237 237 237 237 98 99 237 237 237 237 237 0 1 51 52 0 104 aaa 
aaa aaa aaa aaa aaa aaa aaa aaa aaa aaa aaa aaa aaa aaa aaa 237 237 237 237 aaa aaa 237 237 235 237 237 237 237 235 237 237 237 237 235 237 237 237 237 237 237 237 235 237 237 237 aaa aaa 237 237 237 237 237 237 237 237 237 237 237 237 237 237 237 237 237 237 237 237 237 96 97 114 116 100 101 237 237 98 99 237 237 132 97 114 116 100 101 237 237 98 99 237 237 132 97 114 116 100 101 237 237 98 99 237 237 132 97 114 116 100 101 237 237 98 99 237 237 132 97 114 116 100 101 237 237 98 99 237 237 132 97 114 116 100 101 237 237 98 17 18 87 86 34 aaa aaa 
aaa aaa aaa aaa aaa aaa aaa aaa aaa aaa aaa aaa aaa aaa aaa 171 171 171 171 171 171 171 171 171 171 171 171 171 171 171 171 171 171 171 171 171 171 171 171 171 171 171 172 aaa aaa aaa aaa 237 237 237 237 237 237 237 237 237 237 237 237 237 237 237 237 237 237 237 237 95 113 114 114 114 117 118 111 112 114 131 149 112 114 114 114 114 117 118 111 112 114 131 149 112 114 114 114 114 117 118 111 112 114 131 149 112 114 114 114 114 117 118 111 112 114 131 149 112 114 114 114 114 117 118 111 112 114 131 149 112 114 114 114 114 117 118 111 112 114 68 69 0 1 51 52 aaa 
aaa aaa aaa aaa aaa aaa aaa aaa aaa aaa aaa aaa aaa aaa aaa 188 188 188 188 188 188 188 188 188 188 188 188 188 188 188 188 188 188 188 188 188 188 188 188 188 188 188 189 aaa aaa aaa aaa aaa aaa aaa aaa aaa aaa aaa aaa aaa aaa aaa aaa aaa aaa aaa aaa aaa aaa aaa aaa 114 114 114 115 133 134 135 128 129 130 148 114 114 114 114 115 133 134 135 128 129 130 148 114 114 114 114 115 133 134 135 128 129 130 148 114 114 114 114 115 133 134 135 128 129 130 148 114 114 114 114 115 133 134 135 128 129 130 148 114 114 114 114 115 133 134 135 128 129 130 85 86 17 18 87 86 aaa 
aaa aaa aaa aaa aaa aaa aaa aaa aaa aaa aaa aaa aaa aaa aaa aaa aaa aaa aaa aaa aaa aaa aaa aaa aaa aaa aaa aaa aaa aaa aaa aaa aaa aaa aaa aaa aaa aaa aaa aaa aaa aaa aaa aaa aaa aaa aaa aaa aaa aaa aaa aaa aaa aaa aaa aaa aaa aaa aaa aaa aaa aaa aaa aaa aaa aaa aaa aaa aaa aaa aaa aaa aaa aaa aaa aaa aaa aaa aaa aaa aaa aaa aaa aaa aaa aaa aaa aaa aaa aaa aaa aaa aaa aaa aaa aaa aaa aaa aaa aaa aaa aaa aaa aaa aaa aaa aaa aaa aaa aaa aaa aaa aaa aaa aaa aaa aaa aaa aaa aaa aaa aaa aaa aaa aaa aaa aaa aaa aaa aaa aaa aaa aaa aaa aaa aaa aaa aaa aaa aaa aaa aaa aaa aaa 

